6 0.11328125 0.48671875 0.00859375 0.05078125
6 0.71953125 0.4984375 0.0140625 0.08828125
6 0.74140625 0.4984375 0.0171875 0.084375
6 0.0140625 0.5 0.0140625 0.07265625
2 0.665625 0.50390625 0.03515625 0.05390625
2 0.6234375 0.509375 0.03671875 0.03671875
3 0.140625 0.51015625 0.0484375 0.07734375
2 0.46015625 0.5109375 0.04765625 0.04296875
6 0.6328125 0.5109375 0.01171875 0.0484375
4 0.12109375 0.5140625 0.028125 0.04453125
2 0.59375 0.51875 0.053125 0.06875
2 0.3765625 0.52109375 0.1046875 0.1375
4 0.496875 0.5484375 0.05625 0.2234375
2 0.27890625 0.56484375 0.2390625 0.2734375