2 0.9640625 0.8140625 0.02890625 0.0484375
2 0.92265625 0.81796875 0.02421875 0.03203125
2 0.83828125 0.82265625 0.04375 0.06640625
2 0.88203125 0.8328125 0.053125 0.07265625
2 0.6609375 0.84375 0.04609375 0.0390625
2 0.6453125 0.8453125 0.0484375 0.04296875
2 0.56171875 0.85078125 0.05859375 0.046875
6 0.37265625 0.8671875 0.02890625 0.07421875
1 0.1484375 0.87421875 0.28359375 0.1859375
2 0.7640625 0.87578125 0.15 0.20234375
4 0.37578125 0.88671875 0.0421875 0.0609375
6 0.2078125 0.88671875 0.02734375 0.10546875
6 0.19296875 0.890625 0.03515625 0.115625
4 0.19375 0.91171875 0.07265625 0.08828125