2 0.9390625 0.60625 0.021875 0.02890625
3 0.89921875 0.60859375 0.0171875 0.0328125
2 0.86953125 0.6171875 0.02890625 0.03671875
6 0.74921875 0.61953125 0.009375 0.040625
6 0.7703125 0.621875 0.01015625 0.04296875
6 0.76015625 0.625 0.009375 0.03984375
6 0.80703125 0.6328125 0.03203125 0.11328125
2 0.8078125 0.6359375 0.06328125 0.07734375
6 0.6390625 0.63828125 0.01015625 0.0515625
6 0.46953125 0.6453125 0.0171875 0.0703125
0 0.64296875 0.65390625 0.01484375 0.03984375
4 0.80703125 0.6546875 0.03828125 0.0953125
6 0.13515625 0.67890625 0.034375 0.13046875
6 0.271875 0.68046875 0.028125 0.09375