6 0.83125 0.47109375 0.04921875 0.19140625
6 0.0203125 0.47421875 0.03984375 0.13671875
6 0.03984375 0.48046875 0.04609375 0.14921875
6 0.70625 0.49296875 0.0171875 0.0796875
6 0.7171875 0.49609375 0.01328125 0.09375
6 0.784375 0.51484375 0.06640625 0.2109375
6 0.9640625 0.51953125 0.06875 0.7109375
6 0.7421875 0.52109375 0.04609375 0.2
6 0.64453125 0.53125 0.025 0.14375
7 0.53359375 0.5390625 0.04609375 0.15
3 0.61953125 0.54609375 0.075 0.16328125
3 0.58203125 0.55703125 0.0921875 0.1953125
6 0.26015625 0.571875 0.03515625 0.16484375
6 0.11328125 0.61328125 0.04296875 0.17890625
7 0.4484375 0.64921875 0.24609375 0.628125