6 0.28125 0.78125 0.01015625 0.02421875
6 0.2984375 0.803125 0.01171875 0.03984375
2 0.2953125 0.80703125 0.03359375 0.05859375
6 0.190625 0.80859375 0.02109375 0.06328125
6 0.209375 0.81171875 0.02421875 0.06953125
6 0.18671875 0.81328125 0.01171875 0.0453125
3 0.325 0.8171875 0.03125 0.06015625
6 0.36015625 0.81796875 0.01796875 0.0515625
2 0.22109375 0.81875 0.040625 0.05390625
2 0.2640625 0.81875 0.03984375 0.04140625
2 0.2703125 0.8203125 0.04609375 0.0515625
2 0.32265625 0.8203125 0.0453125 0.04609375
4 0.3625 0.8234375 0.01796875 0.03984375
4 0.2109375 0.8265625 0.05390625 0.0609375
4 0.190625 0.828125 0.04296875 0.04296875
6 0.62890625 0.83125 0.02265625 0.08203125
2 0.86171875 0.83125 0.2734375 0.334375
6 0.565625 0.8359375 0.03671875 0.13359375
6 0.0265625 0.84609375 0.053125 0.23515625
2 0.48359375 0.84609375 0.1796875 0.30703125
2 0.8015625 0.84921875 0.39375 0.2984375