1 0.9140625 0.5328125 0.0375 0.07578125
1 0.86640625 0.53515625 0.04375 0.071875
6 0.853125 0.5453125 0.0140625 0.034375
6 0.76484375 0.546875 0.01015625 0.04140625
2 0.90234375 0.546875 0.03984375 0.05546875
2 0.95390625 0.54765625 0.0859375 0.06328125
6 0.865625 0.5484375 0.0125 0.053125
3 0.89296875 0.553125 0.02734375 0.05390625
6 0.8046875 0.55390625 0.01015625 0.05
7 0.859375 0.55625 0.0421875 0.05234375
0 0.8046875 0.56875 0.0109375 0.03203125
2 0.609375 0.70234375 0.37578125 0.453125
2 0.1203125 0.79375 0.240625 0.409375