6 0.7234375 0.4953125 0.02109375 0.0796875
0 0.56015625 0.5015625 0.00703125 0.0296875
0 0.6390625 0.5109375 0.01953125 0.0828125
2 0.34296875 0.5125 0.03125 0.0546875
2 0.465625 0.5125 0.0484375 0.078125
2 0.528125 0.51328125 0.05546875 0.08125
6 0.08671875 0.52109375 0.01171875 0.0609375
6 0.06484375 0.5234375 0.015625 0.06484375
6 0.1 0.52421875 0.01484375 0.05546875
6 0.12265625 0.525 0.01796875 0.06484375
3 0.03671875 0.53828125 0.0703125 0.1015625
4 0.50859375 0.53984375 0.053125 0.18203125