2 0.0875 0.8015625 0.0203125 0.0484375
2 0.11875 0.81015625 0.0203125 0.0296875
1 0.68984375 0.8109375 0.30390625 0.27578125
2 0.21328125 0.815625 0.021875 0.02890625
2 0.36015625 0.815625 0.03203125 0.03671875
2 0.31484375 0.81796875 0.04921875 0.03671875
6 0.1546875 0.81875 0.0234375 0.08671875
3 0.0578125 0.821875 0.053125 0.1
6 0.44765625 0.8234375 0.025 0.06171875
4 0.15390625 0.8390625 0.02890625 0.06953125
4 0.44375 0.84296875 0.05078125 0.0484375
2 0.78125 0.84921875 0.434375 0.2984375
2 0.6296875 0.8515625 0.309375 0.29609375