1 0.0375 0.41328125 0.075 0.2703125
3 0.14765625 0.4765625 0.08046875 0.12265625
3 0.2921875 0.478125 0.03203125 0.05625
1 0.46015625 0.47890625 0.015625 0.03515625
3 0.378125 0.48125 0.0203125 0.04453125
2 0.35859375 0.48828125 0.04375 0.05
2 0.44609375 0.49375 0.0375 0.059375
1 0.5921875 0.49453125 0.03125 0.04140625
2 0.61640625 0.49921875 0.028125 0.04921875
2 0.50546875 0.503125 0.0484375 0.05859375
2 0.5203125 0.50859375 0.06328125 0.11328125
2 0.41484375 0.51875 0.0796875 0.109375
6 0.68359375 0.52890625 0.015625 0.05859375
2 0.73515625 0.55234375 0.0828125 0.09296875