1 0.884375 0.76796875 0.0859375 0.17421875
1 0.9359375 0.78203125 0.01953125 0.03984375
1 0.71171875 0.78359375 0.07109375 0.08515625
1 0.7390625 0.78984375 0.059375 0.0609375
1 0.45546875 0.79140625 0.23515625 0.22578125
4 0.95078125 0.79453125 0.01171875 0.03828125
4 0.81953125 0.80234375 0.015625 0.05625
2 0.92734375 0.803125 0.03359375 0.0515625
2 0.778125 0.80390625 0.059375 0.08515625
1 0.18125 0.8125 0.26171875 0.19921875
2 0.07265625 0.81953125 0.1421875 0.3578125
6 0.64375 0.821875 0.00703125 0.03671875
2 0.728125 0.83046875 0.1 0.115625
2 0.23359375 0.84453125 0.4640625 0.3078125