1 0.2109375 0.48359375 0.165625 0.1640625
4 0.5859375 0.50546875 0.00703125 0.02578125
2 0.56796875 0.50625 0.01328125 0.01953125
6 0.63046875 0.50625 0.0109375 0.0484375
6 0.03671875 0.51015625 0.01484375 0.0734375
4 0.5453125 0.51171875 0.01171875 0.04765625
6 0.01328125 0.5125 0.01953125 0.08828125
0 0.87421875 0.528125 0.071875 0.10234375
2 0.30078125 0.5296875 0.06484375 0.0640625
2 0.72734375 0.53515625 0.178125 0.2234375
2 0.35625 0.540625 0.12265625 0.16171875
2 0.44296875 0.56015625 0.13359375 0.175