2 0.2265625 0.7765625 0.45 0.44375
6 0.7203125 0.78046875 0.0109375 0.0296875
6 0.703125 0.7984375 0.0109375 0.0359375
6 0.9234375 0.79921875 0.0125 0.03671875
6 0.9484375 0.80546875 0.0375 0.121875
6 0.78515625 0.80859375 0.01171875 0.06953125
2 0.7390625 0.81484375 0.0359375 0.04453125
2 0.77890625 0.81640625 0.0390625 0.059375
2 0.73203125 0.81640625 0.04453125 0.05
6 0.6421875 0.81640625 0.0171875 0.05546875
4 0.9390625 0.82109375 0.0640625 0.06484375
2 0.1765625 0.828125 0.35 0.340625
6 0.36328125 0.83671875 0.03359375 0.12421875
0 0.95625 0.8390625 0.08359375 0.08671875
2 0.5390625 0.84140625 0.21875 0.3140625
6 0.89453125 0.84609375 0.07734375 0.21171875
0 0.3515625 0.87578125 0.109375 0.09375