6 0.56953125 0.25859375 0.025 0.0390625
6 0.946875 0.5390625 0.03515625 0.1765625
1 0.0828125 0.54453125 0.03984375 0.0875
1 0.02421875 0.54765625 0.015625 0.03515625
1 0.1515625 0.5484375 0.06328125 0.103125
3 0.05390625 0.559375 0.03046875 0.0578125
6 0.74921875 0.5625 0.046875 0.1546875
2 0.13515625 0.56484375 0.14140625 0.0984375
2 0.025 0.5671875 0.046875 0.0625
4 0.23046875 0.5734375 0.01640625 0.0359375
2 0.83984375 0.72109375 0.3171875 0.5171875
2 0.42421875 0.72734375 0.4296875 0.51015625