6 0.7734375 0.625 0.0078125 0.0359375
2 0.91328125 0.63125 0.04375 0.06328125
0 0.78515625 0.63359375 0.01015625 0.046875
3 0.8234375 0.63359375 0.03984375 0.0734375
2 0.96484375 0.63515625 0.0671875 0.0953125
2 0.72578125 0.63515625 0.0484375 0.06875
1 0.0625 0.63828125 0.125 0.44609375
6 0.16328125 0.68515625 0.02890625 0.1328125
3 0.403125 0.696875 0.11015625 0.171875
6 0.30546875 0.69765625 0.05703125 0.14140625
2 0.55390625 0.72734375 0.3453125 0.36484375
0 0.30234375 0.734375 0.0609375 0.115625