1 0.01484375 0.4015625 0.02890625 0.42265625
1 0.40234375 0.4734375 0.0359375 0.0984375
2 0.3421875 0.4984375 0.03515625 0.05
2 0.440625 0.49921875 0.0171875 0.0421875
4 0.3703125 0.503125 0.0125 0.04140625
2 0.41328125 0.50703125 0.025 0.03828125
4 0.42578125 0.50703125 0.015625 0.0578125
3 0.45078125 0.5078125 0.01953125 0.04375
2 0.50703125 0.509375 0.02734375 0.0515625
2 0.4625 0.5125 0.02734375 0.04375
2 0.484375 0.51953125 0.06015625 0.09921875
2 0.7796875 0.5203125 0.140625 0.16484375
2 0.26953125 0.521875 0.1296875 0.1234375
2 0.6046875 0.534375 0.12109375 0.19921875