2 0.9484375 0.60703125 0.02265625 0.028125
3 0.9078125 0.609375 0.01640625 0.03203125
2 0.878125 0.61796875 0.02890625 0.03671875
6 0.74140625 0.62109375 0.01015625 0.0421875
6 0.76796875 0.62578125 0.01171875 0.046875
6 0.7578125 0.62734375 0.00859375 0.04296875
6 0.8375 0.628125 0.02734375 0.0953125
2 0.81953125 0.63515625 0.0578125 0.07421875
6 0.6203125 0.64296875 0.01171875 0.059375
4 0.8375 0.65 0.03046875 0.08359375
6 0.42421875 0.65625 0.01875 0.0859375
0 0.62421875 0.6578125 0.01640625 0.04140625
6 0.15703125 0.696875 0.03515625 0.1125
3 0.03828125 0.75 0.0765625 0.24296875