6 0.8203125 0.63671875 0.01484375 0.0640625
6 0.7578125 0.6375 0.02578125 0.10859375
6 0.80234375 0.63984375 0.01328125 0.078125
2 0.90703125 0.64453125 0.13046875 0.21484375
7 0.9921875 0.646875 0.0125 0.096875
6 0.85546875 0.6890625 0.06015625 0.2359375
5 0.8078125 0.69296875 0.04765625 0.090625
6 0.7578125 0.7046875 0.0421875 0.13125
6 0.7078125 0.721875 0.06328125 0.34609375
5 0.7296875 0.721875 0.07578125 0.12421875
6 0.2265625 0.72421875 0.05390625 0.225
6 0.66328125 0.73125 0.05390625 0.33828125
0 0.85859375 0.78125 0.08125 0.23046875
5 0.53515625 0.81875 0.17734375 0.246875
5 0.1375 0.884375 0.27421875 0.23046875