1 0.225 0.43984375 0.18515625 0.25
2 0.0546875 0.4703125 0.10859375 0.15703125
1 0.33203125 0.48359375 0.0546875 0.078125
1 0.4078125 0.484375 0.04609375 0.09375
1 0.528125 0.4953125 0.02890625 0.0921875
6 0.33984375 0.503125 0.01484375 0.06171875
6 0.3703125 0.50859375 0.015625 0.0609375
0 0.3390625 0.52265625 0.015625 0.05234375
2 0.5390625 0.52578125 0.03515625 0.05703125
2 0.490625 0.52734375 0.06953125 0.10625
2 0.6953125 0.54140625 0.11640625 0.16015625
4 0.9703125 0.6390625 0.05859375 0.28671875