1 0.40078125 0.46015625 0.059375 0.134375
1 0.8671875 0.46640625 0.2625 0.4453125
6 0.24765625 0.4828125 0.0140625 0.05078125
6 0.340625 0.48984375 0.01875 0.05
6 0.16796875 0.4953125 0.021875 0.0828125
7 0.215625 0.49921875 0.03828125 0.0953125
6 0.0828125 0.51484375 0.03515625 0.140625
6 0.70625 0.52421875 0.01484375 0.07890625
7 0.69609375 0.52890625 0.0390625 0.0828125
2 0.41484375 0.53046875 0.0953125 0.15078125
2 0.7125 0.5328125 0.05625 0.05703125
2 0.56875 0.55078125 0.23828125 0.39296875