1 0.215625 0.52578125 0.14375 0.15859375
1 0.06796875 0.5390625 0.0421875 0.0640625
2 0.00703125 0.54375 0.0109375 0.01875
2 0.03671875 0.5578125 0.03984375 0.0640625
7 0.50859375 0.5625 0.04140625 0.06171875
4 0.090625 0.5671875 0.0203125 0.05859375
4 0.12265625 0.56796875 0.01875 0.05703125
2 0.03984375 0.58515625 0.07578125 0.096875
7 0.79921875 0.59140625 0.06015625 0.115625
6 0.5265625 0.60625 0.03125 0.1390625
7 0.6921875 0.61015625 0.07578125 0.14609375
2 0.3296875 0.709375 0.3828125 0.4859375
2 0.828125 0.73125 0.340625 0.521875