5 0.1796875 0.48046875 0.0640625 0.0765625
6 0.31953125 0.48125 0.0328125 0.16640625
3 0.35546875 0.4890625 0.05 0.06328125
6 0.23046875 0.496875 0.02421875 0.10390625
5 0.45546875 0.49921875 0.02109375 0.06640625
7 0.478125 0.5015625 0.0203125 0.05703125
7 0.50234375 0.50703125 0.034375 0.08125
7 0.5296875 0.509375 0.0328125 0.08359375
7 0.43203125 0.5109375 0.03515625 0.10546875
6 0.5546875 0.5125 0.01484375 0.07109375
7 0.384375 0.52109375 0.059375 0.16484375
7 0.28515625 0.5234375 0.0984375 0.26171875
6 0.41328125 0.5234375 0.04609375 0.20625
2 0.6796875 0.53125 0.0640625 0.06015625
7 0.80390625 0.5578125 0.065625 0.1234375
3 0.8765625 0.56953125 0.10703125 0.14140625
6 0.93125 0.58046875 0.0578125 0.2265625
0 0.41484375 0.58359375 0.03984375 0.15625
2 0.9421875 0.5953125 0.11484375 0.121875
0 0.93046875 0.65390625 0.0875 0.16640625