1 0.50078125 0.5015625 0.0265625 0.0765625
2 0.4953125 0.51015625 0.0328125 0.05703125
2 0.58203125 0.5140625 0.01640625 0.02734375
2 0.5546875 0.51484375 0.015625 0.021875
2 0.4359375 0.51953125 0.04140625 0.05546875
6 0.41953125 0.51953125 0.0375 0.12109375
2 0.60703125 0.5203125 0.04375 0.0765625
2 0.52421875 0.52734375 0.0703125 0.10390625
2 0.41015625 0.5296875 0.0796875 0.09765625
4 0.41953125 0.53203125 0.04375 0.14609375
2 0.63046875 0.540625 0.0703125 0.0921875
2 0.075 0.5640625 0.14765625 0.26015625
2 0.8703125 0.58359375 0.25390625 0.46171875