6 0.01953125 0.44921875 0.0390625 0.1859375
7 0.1265625 0.49921875 0.03203125 0.08125
3 0.165625 0.50078125 0.0328125 0.06328125
7 0.13828125 0.5015625 0.02421875 0.08046875
3 0.5421875 0.540625 0.0328125 0.053125
5 0.021875 0.546875 0.04375 0.3796875
3 0.584375 0.546875 0.0515625 0.0890625
2 0.68515625 0.5640625 0.05546875 0.0859375
2 0.4484375 0.57109375 0.190625 0.284375
2 0.62578125 0.57578125 0.1046875 0.13203125
2 0.75390625 0.57890625 0.06484375 0.09140625
2 0.871875 0.6359375 0.253125 0.725