6 0.721875 0.7765625 0.01015625 0.03125
6 0.95703125 0.7875 0.00859375 0.03046875
6 0.971875 0.78828125 0.00703125 0.03046875
6 0.7046875 0.79453125 0.01015625 0.0390625
6 0.9015625 0.7984375 0.02265625 0.05546875
6 0.76171875 0.79921875 0.03359375 0.1015625
6 0.9921875 0.8015625 0.0125 0.0625
2 0.8890625 0.80390625 0.04140625 0.0296875
6 0.703125 0.80703125 0.00859375 0.0484375
3 0.68046875 0.80859375 0.03203125 0.059375
2 0.77890625 0.809375 0.03984375 0.05
2 0.7328125 0.8109375 0.04296875 0.04921875
0 0.90390625 0.81328125 0.02890625 0.040625
2 0.19921875 0.828125 0.3953125 0.340625
0 0.765625 0.83203125 0.07265625 0.078125
6 0.82109375 0.8328125 0.03828125 0.1953125
2 0.53828125 0.83359375 0.27734375 0.33203125