6 0.71875 0.78125 0.01015625 0.02421875
6 0.7015625 0.803125 0.01171875 0.03984375
2 0.7046875 0.80703125 0.03359375 0.05859375
6 0.809375 0.80859375 0.02109375 0.06328125
6 0.790625 0.81171875 0.02421875 0.06953125
6 0.81328125 0.81328125 0.01171875 0.0453125
3 0.675 0.8171875 0.03125 0.06015625
6 0.63984375 0.81796875 0.01796875 0.0515625
2 0.77890625 0.81875 0.040625 0.05390625
2 0.7359375 0.81875 0.03984375 0.04140625
2 0.7296875 0.8203125 0.04609375 0.0515625
2 0.67734375 0.8203125 0.0453125 0.04609375
4 0.6375 0.8234375 0.01796875 0.03984375
4 0.7890625 0.8265625 0.05390625 0.0609375
4 0.809375 0.828125 0.04296875 0.04296875
6 0.37109375 0.83125 0.02265625 0.08203125
2 0.13828125 0.83125 0.2734375 0.334375
6 0.434375 0.8359375 0.03671875 0.13359375
6 0.97265625 0.84609375 0.0515625 0.2359375
2 0.51640625 0.84609375 0.1796875 0.30703125
2 0.1984375 0.84921875 0.39375 0.2984375