7 0.10546875 0.490625 0.1046875 0.18828125
7 0.19453125 0.490625 0.08203125 0.153125
6 0.37890625 0.490625 0.01484375 0.07421875
6 0.50703125 0.49765625 0.01796875 0.103125
6 0.55625 0.5015625 0.028125 0.1109375
2 0.3046875 0.51328125 0.0734375 0.0953125
5 0.38125 0.5140625 0.03828125 0.07890625
6 0.83984375 0.54140625 0.04609375 0.1390625
6 0.80078125 0.546875 0.053125 0.13671875
2 0.9125 0.55625 0.11484375 0.13046875
7 0.98671875 0.56953125 0.0234375 0.1453125
4 0.80703125 0.584375 0.1203125 0.1234375