6 0.1796875 0.64609375 0.0140625 0.05625
6 0.03046875 0.65625 0.01328125 0.06796875
6 0.04296875 0.65703125 0.01484375 0.06640625
2 0.1265625 0.66015625 0.08046875 0.11484375
6 0.06171875 0.66796875 0.01640625 0.0890625
2 0.0109375 0.69375 0.01875 0.190625
5 0.16796875 0.70390625 0.05625 0.08046875
6 0.5046875 0.7171875 0.1203125 0.36796875
5 0.31640625 0.7296875 0.08671875 0.11484375
6 0.3859375 0.74375 0.05234375 0.284375
7 0.5609375 0.75234375 0.2875 0.4921875
0 0.41640625 0.7609375 0.07890625 0.1390625
5 0.740625 0.86953125 0.3015625 0.23671875
6 0.803125 0.92421875 0.121875 0.1484375