6 0.875 0.64609375 0.01796875 0.02890625
3 0.94375 0.64921875 0.01484375 0.0328125
3 0.92421875 0.65 0.01640625 0.02890625
3 0.9578125 0.65390625 0.021875 0.03828125
2 0.89609375 0.65625 0.02265625 0.0328125
2 0.98671875 0.66171875 0.02578125 0.05078125
4 0.878125 0.6703125 0.01796875 0.0359375
3 0.8546875 0.67265625 0.04765625 0.096875
2 0.99296875 0.68046875 0.0109375 0.0703125
2 0.70546875 0.7421875 0.2625 0.3484375
6 0.28046875 0.7453125 0.12578125 0.3671875
4 0.25625 0.83203125 0.2125 0.3328125