1 0.1234375 0.49921875 0.24375 0.9984375
6 0.78046875 0.803125 0.02734375 0.07265625
6 0.5875 0.803125 0.01640625 0.06015625
6 0.54296875 0.803125 0.0140625 0.05703125
1 0.33671875 0.80625 0.03203125 0.06015625
6 0.46875 0.80703125 0.03125 0.1484375
6 0.60703125 0.8078125 0.0125 0.04765625
6 0.76875 0.81015625 0.03046875 0.08046875
3 0.74375 0.8109375 0.06015625 0.07890625
6 0.69140625 0.8109375 0.01953125 0.096875
6 0.4984375 0.8109375 0.009375 0.03515625
6 0.5328125 0.8125 0.0125 0.05703125
6 0.51875 0.8125 0.01328125 0.03203125
6 0.6578125 0.8140625 0.01953125 0.08515625
6 0.6328125 0.8140625 0.02109375 0.08515625
2 0.409375 0.81484375 0.09453125 0.07109375
6 0.7046875 0.815625 0.01640625 0.08203125
4 0.78671875 0.821875 0.06328125 0.06640625
0 0.58671875 0.82265625 0.0203125 0.05234375
0 0.54140625 0.8234375 0.0140625 0.03515625
0 0.53125 0.8234375 0.009375 0.03203125
6 0.271875 0.82421875 0.028125 0.1046875
0 0.27109375 0.8484375 0.06328125 0.07421875
2 0.97109375 0.86328125 0.0578125 0.2703125