3 0.05 0.659375 0.01328125 0.02890625
6 0.1078125 0.66171875 0.01171875 0.0328125
2 0.06953125 0.66328125 0.021875 0.028125
2 0.084375 0.66484375 0.0296875 0.03828125
3 0.0375 0.66484375 0.0234375 0.03828125
2 0.0078125 0.67421875 0.0125 0.0546875
3 0.146875 0.67578125 0.05546875 0.1125
2 0.23828125 0.721875 0.20703125 0.28125
6 0.84296875 0.72734375 0.14296875 0.3453125
6 0.86015625 0.7578125 0.2046875 0.48125
0 0.84296875 0.821875 0.19921875 0.2609375
4 0.85859375 0.82890625 0.2796875 0.3390625