6 0.03203125 0.60390625 0.02578125 0.07578125
3 0.953125 0.659375 0.0125 0.02734375
6 0.896875 0.6609375 0.01171875 0.028125
2 0.93671875 0.66171875 0.01953125 0.02890625
3 0.9640625 0.6640625 0.021875 0.0375
2 0.91875 0.66484375 0.025 0.034375
3 0.8625 0.6734375 0.04609375 0.11171875
6 0.4671875 0.6984375 0.05703125 0.2359375
2 0.76953125 0.70703125 0.2046875 0.31328125
0 0.4640625 0.74609375 0.07890625 0.15625
6 0.07109375 0.74921875 0.1421875 0.49921875
4 0.10703125 0.83046875 0.2140625 0.33828125