7 0.68359375 0.50703125 0.05 0.1234375
6 0.41640625 0.52421875 0.04609375 0.16328125
2 0.3765625 0.5265625 0.08984375 0.1359375
2 0.26796875 0.52890625 0.17890625 0.2015625
6 0.321875 0.53359375 0.04453125 0.18828125
2 0.4671875 0.54140625 0.11640625 0.1234375
2 0.790625 0.54375 0.19765625 0.23125
6 0.3671875 0.546875 0.04453125 0.23984375
6 0.74453125 0.55625 0.06328125 0.328125
4 0.4171875 0.56171875 0.04609375 0.12890625
6 0.13359375 0.57109375 0.04140625 0.1765625
6 0.1984375 0.575 0.05078125 0.19453125
4 0.1890625 0.60546875 0.0796875 0.15625
7 0.540625 0.6109375 0.2 0.51875
5 0.15625 0.61640625 0.13515625 0.1484375
6 0.0234375 0.6171875 0.04375 0.35625
6 0.121875 0.61796875 0.06796875 0.134375