1 0.17578125 0.796875 0.3484375 0.309375
2 0.84375 0.7984375 0.0125 0.0203125
4 0.8515625 0.80078125 0.003125 0.0109375
3 0.86015625 0.80078125 0.0140625 0.02890625
2 0.7734375 0.80625 0.040625 0.06640625
2 0.93984375 0.80625 0.07578125 0.065625
0 0.8890625 0.80703125 0.0078125 0.02265625
4 0.8671875 0.8078125 0.00546875 0.01796875
6 0.99375 0.809375 0.009375 0.1
7 0.921875 0.81328125 0.03046875 0.07890625
6 0.9015625 0.81328125 0.02109375 0.08671875
7 0.9765625 0.81328125 0.04375 0.0984375
7 0.9703125 0.8140625 0.0515625 0.11015625
7 0.9609375 0.815625 0.03515625 0.09296875
6 0.87734375 0.8171875 0.0203125 0.084375
4 0.81875 0.81953125 0.0171875 0.04375
0 0.903125 0.83515625 0.0234375 0.06484375
0 0.878125 0.83671875 0.02109375 0.05859375
6 0.3640625 0.87421875 0.090625 0.2484375
2 0.62109375 0.87421875 0.2296875 0.2484375
4 0.35078125 0.91328125 0.11875 0.17265625