3 0.95234375 0.65234375 0.02890625 0.06015625
6 0.22109375 0.66796875 0.02265625 0.065625
6 0.98046875 0.68359375 0.0359375 0.1359375
6 0.1953125 0.6875 0.0515625 0.13984375
3 0.14375 0.69296875 0.09375 0.14296875
6 0.16640625 0.6953125 0.0453125 0.15
4 0.06484375 0.696875 0.053125 0.07109375
0 0.21640625 0.7078125 0.03046875 0.06015625
4 0.9625 0.7171875 0.071875 0.125
4 0.17265625 0.73203125 0.09296875 0.13359375
2 0.53984375 0.74921875 0.6453125 0.4984375
2 0.0203125 0.77421875 0.03984375 0.17109375