6 0.95 0.45859375 0.02578125 0.10078125
6 0.84921875 0.46171875 0.0328125 0.146875
3 0.69765625 0.465625 0.025 0.03828125
6 0.678125 0.465625 0.0140625 0.04296875
6 0.8140625 0.4734375 0.04453125 0.1640625
6 0.6859375 0.47421875 0.0109375 0.059375
7 0.6796875 0.47890625 0.03359375 0.071875
3 0.5609375 0.47890625 0.0234375 0.03828125
6 0.85390625 0.48359375 0.04921875 0.20546875
2 0.90390625 0.48359375 0.1890625 0.1703125
2 0.5984375 0.50078125 0.07109375 0.13515625
7 0.834375 0.51171875 0.1109375 0.2546875
7 0.76171875 0.52890625 0.11953125 0.30625
2 0.1296875 0.54609375 0.11015625 0.1203125
2 0.059375 0.5546875 0.08671875 0.121875
2 0.03125 0.57265625 0.059375 0.1421875