2 0.98671875 0.7890625 0.0234375 0.115625
1 0.8296875 0.79453125 0.01640625 0.0359375
7 0.959375 0.79609375 0.0375 0.0890625
7 0.871875 0.80078125 0.0171875 0.0453125
7 0.8828125 0.80390625 0.025 0.0609375
2 0.790625 0.8046875 0.02734375 0.046875
2 0.77265625 0.81640625 0.040625 0.053125
7 0.928125 0.821875 0.0734375 0.190625
3 0.68828125 0.83671875 0.07578125 0.15546875
6 0.49453125 0.84140625 0.01484375 0.08046875
7 0.5 0.84296875 0.03359375 0.07890625
6 0.28671875 0.86953125 0.0203125 0.08828125