6 0.12421875 0.459375 0.01875 0.075
6 0.1359375 0.4640625 0.01640625 0.06015625
6 0.94375 0.46484375 0.02265625 0.08125
2 0.03828125 0.46796875 0.07578125 0.20078125
6 0.5765625 0.4890625 0.01640625 0.08046875
6 0.71484375 0.4984375 0.0125 0.08203125
6 0.74375 0.50078125 0.01171875 0.084375
6 0.50546875 0.50390625 0.03984375 0.2
3 0.4546875 0.5046875 0.10078125 0.11875
2 0.30546875 0.51484375 0.290625 0.43671875
6 0.73515625 0.515625 0.01640625 0.0890625
3 0.6515625 0.51875 0.1140625 0.128125
6 0.75234375 0.5265625 0.0203125 0.11015625
3 0.84765625 0.5359375 0.11796875 0.1296875
6 0.9125 0.5390625 0.02578125 0.13125