6 0.07578125 0.50546875 0.05390625 0.2765625
6 0.02578125 0.5140625 0.0515625 0.26015625
3 0.2203125 0.53203125 0.05390625 0.17109375
3 0.25859375 0.53359375 0.08046875 0.19375
7 0.35859375 0.53828125 0.05 0.19453125
6 0.60234375 0.54375 0.02109375 0.09609375
3 0.309375 0.546875 0.13046875 0.25546875
6 0.61796875 0.5515625 0.02109375 0.125
2 0.54453125 0.553125 0.13203125 0.15
6 0.64140625 0.5640625 0.02421875 0.11953125
6 0.746875 0.56953125 0.04609375 0.21484375
6 0.853125 0.5859375 0.0296875 0.1484375
2 0.96796875 0.58671875 0.0609375 0.3578125
6 0.88515625 0.609375 0.03203125 0.234375
7 0.4375 0.62578125 0.2296875 0.58046875