6 0.19453125 0.50078125 0.015625 0.046875
6 0.165625 0.5125 0.02421875 0.084375
3 0.3578125 0.521875 0.01796875 0.06640625
6 0.5125 0.52421875 0.01953125 0.05859375
2 0.32265625 0.52578125 0.06953125 0.103125
2 0.4171875 0.5296875 0.09140625 0.165625
4 0.19375 0.5359375 0.02109375 0.04453125
6 0.81484375 0.55234375 0.0484375 0.25625
4 0.16328125 0.553125 0.02890625 0.059375
4 0.51015625 0.55390625 0.0234375 0.053125
3 0.0203125 0.56015625 0.0375 0.371875
6 0.76640625 0.5765625 0.05625 0.225
4 0.78515625 0.65390625 0.1140625 0.2109375