6 0.815625 0.49140625 0.0265625 0.1359375
6 0.75078125 0.49609375 0.01796875 0.1
6 0.6703125 0.5140625 0.03046875 0.1125
6 0.51875 0.51484375 0.01328125 0.046875
2 0.39375 0.5171875 0.02265625 0.0359375
2 0.4375 0.52265625 0.03125 0.03515625
6 0.54453125 0.525 0.0296875 0.0953125
3 0.2203125 0.53046875 0.01875 0.040625
4 0.234375 0.53046875 0.00859375 0.03359375
6 0.4109375 0.5328125 0.0421875 0.1234375
0 0.66796875 0.54140625 0.05703125 0.08828125
6 0.9703125 0.54921875 0.05625 0.3765625
0 0.4109375 0.5625 0.08046875 0.08984375
6 0.90234375 0.56328125 0.096875 0.44453125
6 0.48046875 0.5828125 0.10546875 0.38828125
4 0.6109375 0.60390625 0.11328125 0.47578125
2 0.11640625 0.60859375 0.2296875 0.6390625