5 0.40234375 0.49765625 0.01640625 0.03671875
5 0.3921875 0.49921875 0.0171875 0.03984375
5 0.34453125 0.503125 0.03203125 0.0671875
1 0.5015625 0.50390625 0.040625 0.06328125
6 0.11171875 0.50625 0.07578125 0.21484375
2 0.43515625 0.51484375 0.0765625 0.12421875
7 0.6625 0.53828125 0.03828125 0.10703125
6 0.79453125 0.546875 0.02265625 0.11328125
6 0.8046875 0.559375 0.02265625 0.12734375
7 0.784375 0.56484375 0.0640625 0.1453125
0 0.11015625 0.56953125 0.07421875 0.15859375
6 0.89375 0.5796875 0.04609375 0.14765625
0 0.88984375 0.62109375 0.05703125 0.10625