1 0.76875 0.46484375 0.140625 0.15546875
6 0.62421875 0.49765625 0.00859375 0.02421875
2 0.61875 0.50625 0.025 0.03984375
1 0.52421875 0.50703125 0.01328125 0.03671875
1 0.678125 0.509375 0.03828125 0.06953125
6 0.6296875 0.5109375 0.00703125 0.03125
3 0.9359375 0.51484375 0.125 0.1734375
2 0.5 0.51640625 0.01328125 0.0203125
2 0.5234375 0.51796875 0.02421875 0.0390625
2 0.4875 0.52421875 0.0328125 0.04765625
2 0.36171875 0.53125 0.04140625 0.06640625
2 0.4296875 0.53359375 0.0796875 0.13984375
2 0.5640625 0.53671875 0.08125 0.1109375
1 0.28046875 0.53828125 0.0609375 0.078125
2 0.76015625 0.53828125 0.15625 0.1609375