6 0.1296875 0.79921875 0.0078125 0.04140625
2 0.17734375 0.79921875 0.02265625 0.01953125
2 0.20234375 0.80078125 0.0171875 0.03125
2 0.21640625 0.80078125 0.01328125 0.02421875
6 0.0421875 0.8015625 0.01640625 0.08515625
2 0.15078125 0.803125 0.02265625 0.03203125
6 0.1375 0.80390625 0.0109375 0.0390625
6 0.17734375 0.80390625 0.01171875 0.03515625
6 0.08984375 0.8046875 0.01484375 0.04296875
2 0.18984375 0.80625 0.02265625 0.0296875
0 0.1765625 0.81171875 0.01484375 0.03125
4 0.67890625 0.83125 0.071875 0.09375
2 0.3046875 0.8484375 0.1796875 0.28828125