1 0.5109375 0.61171875 0.2375 0.21640625
2 0.8453125 0.61953125 0.02109375 0.03515625
2 0.89375 0.63125 0.05234375 0.06796875
3 0.8140625 0.6328125 0.04140625 0.0734375
2 0.9609375 0.6375 0.075 0.103125
6 0.36171875 0.6546875 0.0203125 0.09921875
3 0.49140625 0.66953125 0.08984375 0.14375
6 0.23046875 0.6703125 0.021875 0.11796875
6 0.328125 0.67109375 0.02578125 0.0671875
6 0.203125 0.671875 0.02265625 0.13203125
6 0.26875 0.67578125 0.0265625 0.10546875
2 0.6515625 0.6890625 0.240625 0.26328125
6 0.1609375 0.68984375 0.02578125 0.08828125
6 0.29375 0.6921875 0.01796875 0.12265625
6 0.07421875 0.72265625 0.0375 0.17890625
4 0.06796875 0.7484375 0.103125 0.12890625