1 0.4328125 0.54609375 0.39453125 0.48359375
6 0.1125 0.57578125 0.02421875 0.0765625
6 0.0765625 0.5828125 0.02109375 0.08203125
6 0.05859375 0.58359375 0.0234375 0.06953125
1 0.86875 0.6125 0.03203125 0.0546875
2 0.8984375 0.61796875 0.021875 0.0375
2 0.85546875 0.61875 0.01640625 0.0265625
7 0.8109375 0.62109375 0.0140625 0.03125
4 0.8578125 0.625 0.01171875 0.03359375
7 0.7796875 0.62578125 0.025 0.0546875
6 0.1671875 0.653125 0.03671875 0.2046875
7 0.1328125 0.66484375 0.1578125 0.2375
2 0.94921875 0.68984375 0.0984375 0.2453125
2 0.55234375 0.74453125 0.5015625 0.5078125