2 0.6 0.490625 0.07578125 0.1390625
1 0.3796875 0.49296875 0.05078125 0.09375
2 0.44921875 0.4984375 0.02265625 0.0328125
3 0.5015625 0.5046875 0.03359375 0.06328125
2 0.44140625 0.50859375 0.025 0.03515625
2 0.48046875 0.51328125 0.040625 0.05
2 0.40703125 0.51796875 0.075 0.1203125
4 0.48828125 0.52109375 0.02578125 0.09375
2 0.91875 0.5328125 0.159375 0.246875
2 0.54453125 0.5359375 0.0953125 0.13515625
2 0.33046875 0.5421875 0.165625 0.25
2 0.76328125 0.546875 0.2734375 0.31953125
2 0.1625 0.70390625 0.32421875 0.5875