6 0.6625 0.63828125 0.015625 0.0453125
6 0.69921875 0.64921875 0.03046875 0.0734375
6 0.32421875 0.65078125 0.02421875 0.12421875
2 0.9890625 0.65703125 0.01875 0.0453125
6 0.34453125 0.6578125 0.03671875 0.11953125
6 0.8546875 0.6609375 0.01875 0.05390625
2 0.9765625 0.6625 0.028125 0.05234375
6 0.88671875 0.6640625 0.0203125 0.0640625
2 0.93125 0.66484375 0.04375 0.06328125
4 0.88671875 0.6734375 0.021875 0.04453125
4 0.85546875 0.67421875 0.01953125 0.04296875
6 0.9625 0.67734375 0.03125 0.1015625
3 0.74765625 0.6859375 0.090625 0.171875
4 0.9640625 0.7 0.03359375 0.075
2 0.52734375 0.746875 0.32890625 0.38046875