6 0.02109375 0.45390625 0.0421875 0.215625
6 0.1265625 0.4734375 0.03984375 0.1359375
6 0.128125 0.47578125 0.04453125 0.14140625
2 0.2359375 0.48125 0.18203125 0.271875
2 0.31171875 0.48359375 0.1078125 0.159375
7 0.428125 0.4890625 0.009375 0.025
7 0.42578125 0.490625 0.01328125 0.03828125
7 0.41796875 0.49296875 0.01796875 0.05390625
2 0.45859375 0.5015625 0.046875 0.06015625
6 0.54296875 0.5046875 0.0078125 0.03515625
2 0.47109375 0.50625 0.06796875 0.13125
6 0.5640625 0.50703125 0.01015625 0.04140625
2 0.596875 0.509375 0.0453125 0.05625
6 0.621875 0.51015625 0.00703125 0.03515625
6 0.39921875 0.5109375 0.03203125 0.134375
6 0.696875 0.53359375 0.01484375 0.065625
0 0.39921875 0.54296875 0.03515625 0.09296875
5 0.0703125 0.546875 0.1328125 0.15859375