6 0.8546875 0.81328125 0.00625 0.02421875
6 0.93125 0.81484375 0.01796875 0.071875
6 0.7765625 0.81484375 0.0078125 0.03125
3 0.84140625 0.815625 0.01640625 0.03046875
1 0.80234375 0.81640625 0.02421875 0.0359375
4 0.8546875 0.8171875 0.0078125 0.01953125
6 0.86171875 0.81796875 0.0125 0.05546875
6 0.43203125 0.825 0.03359375 0.15
0 0.86171875 0.83125 0.01328125 0.040625
2 0.69921875 0.83203125 0.09609375 0.115625
6 0.953125 0.8359375 0.04296875 0.14296875
2 0.3640625 0.83828125 0.08671875 0.08125
2 0.096875 0.840625 0.1265625 0.125
3 0.07265625 0.8578125 0.09921875 0.1359375
6 0.47890625 0.86640625 0.034375 0.16640625
0 0.9515625 0.87109375 0.04453125 0.11484375
2 0.65 0.8765625 0.203125 0.24375