1 0.8109375 0.54765625 0.0546875 0.09375
1 0.85859375 0.54921875 0.04140625 0.05546875
6 0.9921875 0.55 0.01015625 0.04921875
2 0.95625 0.55078125 0.05078125 0.046875
2 0.88359375 0.5578125 0.0234375 0.0328125
6 0.34609375 0.5578125 0.03828125 0.1390625
2 0.90390625 0.55859375 0.03359375 0.06484375
4 0.8578125 0.56484375 0.0125 0.0375
7 0.7703125 0.5671875 0.0171875 0.040625
6 0.3734375 0.571875 0.0296875 0.13671875
4 0.83984375 0.57265625 0.01796875 0.05546875
2 0.9390625 0.5984375 0.08515625 0.11484375
7 0.340625 0.615625 0.09453125 0.2078125
2 0.171875 0.6953125 0.34375 0.471875
2 0.56171875 0.72890625 0.42734375 0.49453125