1 0.2171875 0.515625 0.17421875 0.1953125
1 0.4171875 0.5234375 0.2328125 0.23515625
1 0.0609375 0.54140625 0.0359375 0.0640625
2 0.021875 0.553125 0.03515625 0.0578125
4 0.07265625 0.5625 0.0171875 0.0484375
4 0.121875 0.56796875 0.0171875 0.05703125
2 0.021875 0.575 0.040625 0.084375
7 0.896875 0.59453125 0.0671875 0.121875
6 0.7203125 0.60390625 0.0390625 0.13671875
6 0.51953125 0.61171875 0.02578125 0.15078125
6 0.70234375 0.61328125 0.03125 0.15625
7 0.72578125 0.61796875 0.13515625 0.17109375
2 0.28125 0.7265625 0.40078125 0.51796875
2 0.83125 0.74921875 0.334375 0.4984375