6 0.90546875 0.475 0.0359375 0.14453125
6 0.840625 0.4765625 0.01640625 0.09609375
6 0.98515625 0.478125 0.0265625 0.153125
6 0.7171875 0.4875 0.0140625 0.06171875
6 0.6921875 0.49609375 0.01640625 0.075
6 0.74765625 0.49609375 0.01796875 0.090625
6 0.89296875 0.4984375 0.03984375 0.18125
2 0.62421875 0.50078125 0.0703125 0.10703125
6 0.85859375 0.50390625 0.03125 0.1734375
7 0.52890625 0.5140625 0.01796875 0.053125
2 0.49296875 0.52578125 0.05390625 0.09140625
6 0.63046875 0.52734375 0.01953125 0.14140625
7 0.56796875 0.53125 0.05859375 0.15859375
5 0.665625 0.53671875 0.05390625 0.10625
6 0.15234375 0.54609375 0.01015625 0.07890625
2 0.390625 0.55078125 0.18046875 0.29296875
6 0.08359375 0.55234375 0.01640625 0.084375
2 0.296875 0.553125 0.08515625 0.11640625
6 0.7375 0.553125 0.0328125 0.1203125
6 0.12109375 0.559375 0.03046875 0.09609375
6 0.096875 0.5609375 0.01796875 0.1046875
6 0.17265625 0.5609375 0.01328125 0.0703125
6 0.1890625 0.56171875 0.01484375 0.10703125
6 0.1609375 0.5625 0.01640625 0.08828125
7 0.1328125 0.571875 0.05625 0.1296875
6 0.03515625 0.5734375 0.02734375 0.11875
5 0.18515625 0.58203125 0.04921875 0.06328125
6 0.97734375 0.59609375 0.0421875 0.4203125
5 0.93046875 0.61015625 0.13828125 0.22578125
5 0.8734375 0.6140625 0.22890625 0.221875
5 0.9484375 0.61953125 0.1 0.2171875