6 0.62578125 0.6515625 0.02265625 0.11953125
6 0.603125 0.65625 0.02421875 0.11484375
6 0.15625 0.6625 0.021875 0.06015625
2 0.01796875 0.66328125 0.0234375 0.04140625
6 0.1234375 0.665625 0.0203125 0.0640625
2 0.0359375 0.66640625 0.03515625 0.05390625
2 0.075 0.67109375 0.040625 0.059375
6 0.3234375 0.671875 0.03671875 0.1109375
4 0.1234375 0.675 0.02890625 0.05
4 0.1578125 0.678125 0.021875 0.05
6 0.06015625 0.67890625 0.03203125 0.0953125
3 0.2640625 0.69140625 0.09375 0.17421875
4 0.3203125 0.69296875 0.04921875 0.09921875
4 0.05859375 0.6984375 0.0421875 0.08359375
2 0.46484375 0.7515625 0.3203125 0.38046875