2 0.90859375 0.49765625 0.1796875 0.2578125
5 0.63046875 0.49921875 0.06328125 0.115625
2 0.67421875 0.5015625 0.11953125 0.13671875
2 0.56796875 0.50546875 0.07578125 0.09453125
2 0.534375 0.50546875 0.05234375 0.08359375
5 0.5890625 0.50703125 0.04921875 0.10078125
6 0.56875 0.51640625 0.03515625 0.153125
5 0.33671875 0.51875 0.02265625 0.03828125
2 0.48046875 0.5203125 0.09609375 0.14453125
6 0.89296875 0.52109375 0.10078125 0.31484375
6 0.34609375 0.525 0.00859375 0.03125
6 0.30078125 0.52890625 0.01640625 0.0609375
6 0.27734375 0.534375 0.01640625 0.05546875
3 0.39921875 0.55390625 0.10390625 0.21875
6 0.1765625 0.55703125 0.03828125 0.184375
0 0.56875 0.565625 0.03515625 0.109375