6 0.9328125 0.45859375 0.04296875 0.26171875
6 0.89375 0.4609375 0.03203125 0.22421875
6 0.5734375 0.4984375 0.00859375 0.06875
7 0.53515625 0.50078125 0.03125 0.09296875
6 0.51015625 0.50625 0.01484375 0.08203125
7 0.4921875 0.50625 0.02109375 0.06640625
7 0.46484375 0.5109375 0.03359375 0.103125
6 0.69375 0.5125 0.03359375 0.21015625
6 0.67421875 0.51640625 0.040625 0.228125
6 0.7421875 0.51953125 0.0578125 0.18125
3 0.4140625 0.52265625 0.0171875 0.03984375
7 0.36640625 0.52734375 0.01484375 0.04140625
7 0.346875 0.534375 0.01796875 0.06171875
7 0.33125 0.53671875 0.0234375 0.0515625
6 0.3265625 0.53828125 0.0109375 0.0515625
7 0.2921875 0.53828125 0.0546875 0.08203125
7 0.25546875 0.540625 0.09296875 0.11875
6 0.1375 0.5640625 0.01484375 0.04296875
6 0.165625 0.56640625 0.01796875 0.07578125
6 0.025 0.571875 0.046875 0.115625
6 0.12265625 0.57578125 0.01640625 0.09140625
6 0.1 0.57890625 0.02109375 0.09296875
7 0.2171875 0.58203125 0.121875 0.3046875
2 0.0484375 0.7015625 0.09375 0.553125