4 0.86171875 0.47890625 0.0546875 0.065625
5 0.74140625 0.4875 0.0296875 0.0390625
7 0.68359375 0.49375 0.02421875 0.07109375
7 0.69375 0.49453125 0.02890625 0.0734375
3 0.64921875 0.4984375 0.02734375 0.0546875
7 0.80234375 0.5046875 0.06328125 0.1359375
6 0.38515625 0.50703125 0.03828125 0.12578125
6 0.44140625 0.51484375 0.0203125 0.09453125
6 0.37109375 0.525 0.0359375 0.16015625
2 0.57734375 0.5265625 0.121875 0.18203125
0 0.440625 0.53515625 0.02265625 0.06796875
7 0.38671875 0.53515625 0.084375 0.19140625
6 0.27734375 0.53671875 0.040625 0.18203125
0 0.27109375 0.5828125 0.0828125 0.13125