2 0.81796875 0.621875 0.05703125 0.053125
6 0.08828125 0.65234375 0.0109375 0.02421875
6 0.1109375 0.653125 0.01015625 0.01953125
6 0.0984375 0.6546875 0.01328125 0.02578125
3 0.059375 0.6625 0.02109375 0.03984375
2 0.04921875 0.6625 0.0171875 0.03046875
2 0.02578125 0.6625 0.028125 0.03984375
0 0.11015625 0.66484375 0.009375 0.0265625
4 0.0890625 0.66796875 0.00859375 0.028125
2 0.07109375 0.66796875 0.03359375 0.04375
4 0.09765625 0.67109375 0.0125 0.03125
3 0.14609375 0.68359375 0.06328125 0.1234375
6 0.53359375 0.68984375 0.0640625 0.178125
2 0.38515625 0.734375 0.26328125 0.30546875
4 0.53203125 0.73671875 0.0671875 0.16171875