6 0.9640625 0.4859375 0.01875 0.0609375
6 0.53984375 0.49375 0.13671875 0.3796875
6 0.84375 0.51015625 0.0515625 0.209375
0 0.965625 0.5125 0.02109375 0.03828125
2 0.34140625 0.5328125 0.05390625 0.09375
2 0.2953125 0.546875 0.07890625 0.13984375
6 0.70390625 0.546875 0.2015625 0.58125
2 0.12109375 0.56171875 0.0921875 0.08359375
6 0.09921875 0.5625 0.02734375 0.125
6 0.2453125 0.5671875 0.03984375 0.125
6 0.06875 0.56796875 0.040625 0.1140625
6 0.81015625 0.61328125 0.21640625 0.590625
7 0.603125 0.6171875 0.4265625 0.5359375
4 0.7828125 0.70625 0.434375 0.584375