6 0.5453125 0.63046875 0.02265625 0.05625
6 0.14375 0.66171875 0.021875 0.06171875
2 0.03359375 0.66484375 0.02578125 0.03828125
2 0.0546875 0.6671875 0.03359375 0.05078125
6 0.18125 0.6671875 0.02109375 0.0625
2 0.08671875 0.67265625 0.040625 0.06171875
6 0.10625 0.67578125 0.03125 0.096875
4 0.1421875 0.67578125 0.02578125 0.0515625
4 0.18046875 0.68125 0.02734375 0.0453125
3 0.278125 0.690625 0.08671875 0.178125
4 0.10546875 0.696875 0.03359375 0.08515625
2 0.42578125 0.7484375 0.296875 0.3765625