7 0.56796875 0.51875 0.065625 0.16875
6 0.375 0.534375 0.05078125 0.26953125
6 0.24921875 0.53671875 0.08125 0.39140625
7 0.46796875 0.54140625 0.0625 0.18359375
6 0.10390625 0.55859375 0.046875 0.1953125
7 0.4046875 0.5609375 0.0984375 0.28984375
6 0.70625 0.5640625 0.21484375 0.3859375
6 0.13671875 0.57265625 0.04921875 0.22109375
4 0.91484375 0.58046875 0.14765625 0.29140625
4 0.8953125 0.5953125 0.18359375 0.20703125
4 0.86796875 0.596875 0.16171875 0.17109375
7 0.29140625 0.6 0.20703125 0.43515625
4 0.95390625 0.625 0.0890625 0.271875