2 0.24140625 0.49609375 0.12734375 0.11953125
1 0.46328125 0.5078125 0.04765625 0.075
1 0.34453125 0.50859375 0.01328125 0.03359375
4 0.01484375 0.509375 0.0296875 0.075
4 0.3625 0.515625 0.00703125 0.01875
7 0.1609375 0.51640625 0.07265625 0.1734375
3 0.3328125 0.5171875 0.01328125 0.0265625
6 0.50390625 0.5234375 0.02265625 0.07578125
6 0.5234375 0.52421875 0.0140625 0.05625
2 0.46484375 0.52421875 0.04296875 0.0640625
6 0.528125 0.52890625 0.0171875 0.0640625
6 0.57890625 0.534375 0.028125 0.12421875
4 0.5046875 0.54140625 0.0265625 0.065625
4 0.52734375 0.54140625 0.01953125 0.05546875
2 0.609375 0.5515625 0.05859375 0.0796875
6 0.75 0.5515625 0.04140625 0.1390625
3 0.675 0.55546875 0.06953125 0.12109375
7 0.728125 0.55703125 0.10859375 0.15546875
6 0.79765625 0.56328125 0.03671875 0.12109375
0 0.58046875 0.5734375 0.0875 0.08046875
3 0.90078125 0.584375 0.1390625 0.15546875
0 0.7953125 0.5921875 0.071875 0.096875
2 0.9765625 0.61796875 0.04375 0.1609375