5 0.60703125 0.496875 0.01640625 0.03828125
5 0.65 0.50234375 0.02578125 0.0578125
6 0.78125 0.50546875 0.0421875 0.15
2 0.56484375 0.5171875 0.0796875 0.12734375
6 0.93984375 0.5296875 0.10390625 0.525
7 0.3734375 0.5328125 0.03359375 0.09140625
0 0.7828125 0.54140625 0.0390625 0.1078125
7 0.28125 0.54765625 0.0609375 0.13359375
6 0.1109375 0.56953125 0.03515625 0.16171875
4 0.04921875 0.5796875 0.05859375 0.10390625
7 0.94140625 0.58515625 0.1140625 0.6453125
6 0.08046875 0.5890625 0.04609375 0.1796875
3 0.2078125 0.59296875 0.12734375 0.23828125
7 0.10625 0.6 0.11015625 0.21328125