6 0.09296875 0.48828125 0.01484375 0.071875
6 0.66171875 0.49140625 0.01015625 0.04921875
6 0.62109375 0.49296875 0.0078125 0.034375
6 0.6109375 0.49453125 0.0078125 0.0328125
2 0.53515625 0.496875 0.0203125 0.0375
2 0.52109375 0.49921875 0.015625 0.025
6 0.15 0.5015625 0.0171875 0.06875
0 0.590625 0.50234375 0.0125 0.0515625
2 0.53515625 0.509375 0.03359375 0.046875
2 0.30625 0.51171875 0.06796875 0.0625
2 0.9109375 0.515625 0.175 0.1375
0 0.15078125 0.51640625 0.028125 0.05390625
2 0.4171875 0.5171875 0.078125 0.1234375
2 0.76171875 0.528125 0.21328125 0.115625
2 0.9546875 0.54375 0.0875 0.109375
6 0.9109375 0.55859375 0.0703125 0.34765625