1 0.82421875 0.796875 0.3484375 0.309375
2 0.15625 0.7984375 0.0125 0.0203125
4 0.1484375 0.80078125 0.003125 0.0109375
3 0.13984375 0.80078125 0.0140625 0.02890625
2 0.2265625 0.80625 0.040625 0.06640625
2 0.06015625 0.80625 0.07578125 0.065625
0 0.1109375 0.80703125 0.0078125 0.02265625
4 0.1328125 0.8078125 0.00546875 0.01796875
6 0.00546875 0.809375 0.0109375 0.09921875
7 0.078125 0.81328125 0.03046875 0.07890625
6 0.0984375 0.81328125 0.02109375 0.08671875
7 0.0234375 0.81328125 0.04375 0.0984375
7 0.0296875 0.8140625 0.0515625 0.11015625
7 0.0390625 0.815625 0.03515625 0.09296875
6 0.12265625 0.8171875 0.0203125 0.084375
4 0.18125 0.81953125 0.0171875 0.04375
0 0.096875 0.83515625 0.0234375 0.06484375
0 0.121875 0.83671875 0.02109375 0.05859375
6 0.6359375 0.87421875 0.090625 0.2484375
2 0.37890625 0.87421875 0.2296875 0.2484375
4 0.64921875 0.91328125 0.11875 0.17265625