6 0.60859375 0.4953125 0.0078125 0.04140625
6 0.59765625 0.496875 0.00859375 0.034375
6 0.84296875 0.49765625 0.02421875 0.10859375
6 0.590625 0.50078125 0.01171875 0.040625
6 0.62734375 0.5015625 0.009375 0.0421875
6 0.7046875 0.50234375 0.01484375 0.0609375
0 0.67578125 0.50234375 0.01875 0.06640625
6 0.77421875 0.50390625 0.04453125 0.12265625
2 0.46875 0.5203125 0.0375 0.05625
4 0.77578125 0.53359375 0.0515625 0.0953125
2 0.3015625 0.546875 0.15703125 0.2234375
2 0.528125 0.546875 0.14140625 0.22890625
1 0.08359375 0.56015625 0.1640625 0.1703125