1 0.01953125 0.6859375 0.0390625 0.625
1 0.9484375 0.690625 0.1 0.615625
1 0.26171875 0.7875 0.075 0.109375
3 0.05546875 0.790625 0.01640625 0.0296875
3 0.06640625 0.7984375 0.025 0.05078125
2 0.1953125 0.8078125 0.0359375 0.05078125
2 0.30703125 0.8203125 0.08046875 0.109375
2 0.390625 0.84375 0.10703125 0.1296875
2 0.12890625 0.8546875 0.1328125 0.19765625
6 0.62421875 0.865625 0.04140625 0.16328125
2 0.52734375 0.875 0.2015625 0.20078125
6 0.68828125 0.875 0.05703125 0.21328125
4 0.62421875 0.8859375 0.06171875 0.1265625
4 0.6890625 0.90859375 0.09765625 0.17265625