1 0.265625 0.5609375 0.1609375 0.22578125
1 0.05234375 0.56796875 0.03828125 0.065625
1 0.109375 0.5703125 0.0390625 0.05703125
2 0.00859375 0.5796875 0.01640625 0.03984375
6 0.56640625 0.5796875 0.03203125 0.146875
6 0.484375 0.58046875 0.021875 0.1203125
2 0.0203125 0.5828125 0.0171875 0.02265625
2 0.03984375 0.58359375 0.03828125 0.0640625
2 0.14765625 0.615625 0.10234375 0.11328125
6 0.51328125 0.61640625 0.02734375 0.1265625
6 0.5546875 0.62109375 0.04140625 0.16015625
4 0.49140625 0.6390625 0.05859375 0.09453125
4 0.559375 0.6453125 0.05703125 0.11875
2 0.78359375 0.71328125 0.4296875 0.5703125
2 0.2875 0.71796875 0.334375 0.434375