6 0.8421875 0.64375 0.01328125 0.053125
6 0.9515625 0.64453125 0.025 0.08515625
6 0.8859375 0.6453125 0.028125 0.0984375
7 0.85859375 0.64609375 0.040625 0.0859375
6 0.90859375 0.6484375 0.02265625 0.0890625
6 0.93125 0.65546875 0.025 0.10546875
2 0.20703125 0.65859375 0.05 0.09140625
3 0.25390625 0.665625 0.04375 0.0796875
6 0.19296875 0.671875 0.03515625 0.1234375
6 0.16328125 0.675 0.034375 0.12578125
4 0.9453125 0.68515625 0.06328125 0.08515625
4 0.88046875 0.68515625 0.0890625 0.08515625
3 0.0890625 0.6921875 0.09375 0.14375
4 0.17109375 0.7171875 0.0734375 0.096875
2 0.02890625 0.740625 0.0546875 0.203125
2 0.54296875 0.74765625 0.59296875 0.49921875