1 0.19375 0.45625 0.17109375 0.18125
6 0.36484375 0.49609375 0.00859375 0.021875
2 0.3703125 0.50390625 0.02734375 0.0421875
1 0.471875 0.5046875 0.0140625 0.03671875
3 0.31953125 0.509375 0.03515625 0.07265625
6 0.36015625 0.509375 0.0078125 0.03125
3 0.06328125 0.51328125 0.125 0.1734375
2 0.475 0.515625 0.02578125 0.03984375
2 0.5109375 0.5203125 0.03203125 0.04921875
2 0.67421875 0.528125 0.05234375 0.07734375
2 0.56953125 0.5296875 0.0796875 0.140625
2 0.26015625 0.5328125 0.13828125 0.1453125
1 0.7390625 0.53515625 0.06875 0.08046875
2 0.43515625 0.5359375 0.08203125 0.1203125