1 0.76328125 0.55703125 0.11328125 0.15859375
1 0.91796875 0.5734375 0.0359375 0.07265625
1 0.871875 0.57421875 0.0375 0.05859375
2 0.9703125 0.58515625 0.0234375 0.03828125
2 0.9296875 0.58671875 0.03671875 0.0625
2 0.9546875 0.58828125 0.01875 0.0265625
3 0.98515625 0.5890625 0.0265625 0.0515625
6 0.853125 0.590625 0.0171875 0.071875
0 0.85390625 0.60546875 0.01875 0.0546875
2 0.7984375 0.61171875 0.08515625 0.0890625
2 0.2203125 0.71484375 0.440625 0.5671875
2 0.66953125 0.71875 0.33671875 0.42890625