5 0.59765625 0.49765625 0.01640625 0.03671875
5 0.6078125 0.49921875 0.0171875 0.03984375
5 0.65546875 0.503125 0.03203125 0.0671875
1 0.4984375 0.50390625 0.040625 0.06328125
6 0.88828125 0.50625 0.07578125 0.21484375
2 0.56484375 0.51484375 0.0765625 0.12421875
7 0.3375 0.53828125 0.03828125 0.10703125
6 0.20546875 0.546875 0.02265625 0.11328125
6 0.1953125 0.559375 0.02265625 0.12734375
7 0.215625 0.56484375 0.0640625 0.1453125
0 0.88984375 0.56953125 0.07421875 0.15859375
6 0.10625 0.5796875 0.04609375 0.14765625
0 0.11015625 0.62109375 0.05703125 0.10625