1 0.53359375 0.7921875 0.115625 0.125
6 0.10078125 0.796875 0.00859375 0.034375
6 0.13359375 0.79921875 0.01328125 0.0203125
6 0.16640625 0.80078125 0.00546875 0.01640625
7 0.12734375 0.8015625 0.009375 0.02890625
2 0.17421875 0.8015625 0.01484375 0.0265625
4 0.165625 0.8046875 0.0046875 0.01484375
6 0.11640625 0.809375 0.01640625 0.06875
6 0.11484375 0.81484375 0.01328125 0.05703125
2 0.26328125 0.81796875 0.05546875 0.08203125
6 0.61484375 0.82421875 0.01953125 0.08203125
0 0.11640625 0.82890625 0.01875 0.05078125
2 0.7203125 0.83046875 0.103125 0.06640625
6 0.87421875 0.83359375 0.025 0.13125
6 0.79765625 0.840625 0.01640625 0.0796875
0 0.615625 0.84296875 0.0265625 0.06328125
7 0.86484375 0.8484375 0.08671875 0.1359375
2 0.23203125 0.85546875 0.115625 0.175