1 0.04921875 0.4265625 0.09765625 0.26953125
6 0.23828125 0.46328125 0.01171875 0.04609375
6 0.2109375 0.46953125 0.01328125 0.0546875
3 0.29296875 0.4796875 0.0328125 0.05703125
3 0.15625 0.48046875 0.07578125 0.1140625
0 0.2125 0.4828125 0.0203125 0.03828125
2 0.35546875 0.4890625 0.0453125 0.05078125
2 0.446875 0.4921875 0.0359375 0.0546875
1 0.584375 0.49453125 0.03125 0.04609375
2 0.60390625 0.49921875 0.025 0.05
2 0.50234375 0.503125 0.0421875 0.0578125
2 0.51953125 0.5078125 0.0625 0.1109375
2 0.41875 0.51875 0.0765625 0.1078125
2 0.6703125 0.53203125 0.06015625 0.065625