5 0.434375 0.49765625 0.0234375 0.06640625
6 0.2765625 0.50078125 0.01953125 0.07578125
2 0.465625 0.50390625 0.01171875 0.01796875
4 0.41640625 0.50546875 0.01484375 0.05234375
6 0.9140625 0.50625 0.01328125 0.05390625
2 0.50546875 0.5125 0.04296875 0.065625
6 0.82421875 0.51484375 0.015625 0.0546875
6 0.87578125 0.51484375 0.015625 0.06171875
6 0.96640625 0.52421875 0.03359375 0.07890625
4 0.825 0.53125 0.02890625 0.05078125
4 0.52734375 0.546875 0.059375 0.20390625
4 0.96484375 0.5484375 0.0453125 0.06953125