2 0.06796875 0.48359375 0.08046875 0.078125
2 0.165625 0.48828125 0.11015625 0.0796875
6 0.02578125 0.48828125 0.0453125 0.21953125
6 0.109375 0.49765625 0.04453125 0.3171875
3 0.36015625 0.51328125 0.028125 0.0703125
5 0.29140625 0.53515625 0.084375 0.20234375
2 0.646875 0.5578125 0.05390625 0.08046875
2 0.44921875 0.56640625 0.18671875 0.28671875
2 0.690625 0.5703125 0.0671875 0.09765625
2 0.5796875 0.57265625 0.0953125 0.1484375
2 0.84765625 0.5921875 0.3015625 0.8125
4 0.03125 0.66015625 0.0625 0.3890625