1 0.77578125 0.62578125 0.2484375 0.33515625
6 0.55703125 0.70546875 0.01875 0.10625
6 0.809375 0.7109375 0.0890625 0.35859375
2 0.97109375 0.7125 0.0546875 0.3125
6 0.46953125 0.7296875 0.0453125 0.140625
6 0.8265625 0.7359375 0.12265625 0.36953125
6 0.0953125 0.73828125 0.03203125 0.16484375
6 0.05859375 0.74453125 0.0375 0.165625
6 0.62265625 0.75 0.078125 0.2890625
4 0.475 0.78046875 0.06953125 0.1265625
6 0.009375 0.79453125 0.01875 0.2515625
4 0.83359375 0.8171875 0.1140625 0.3625
0 0.61796875 0.8234375 0.09296875 0.2390625