1 0.190625 0.8078125 0.02734375 0.0546875
6 0.51484375 0.81328125 0.00703125 0.040625
6 0.44921875 0.81640625 0.00859375 0.0359375
6 0.1640625 0.81875 0.01171875 0.0390625
6 0.4734375 0.8203125 0.01015625 0.0390625
6 0.640625 0.8234375 0.01953125 0.06484375
6 0.140625 0.82421875 0.021875 0.08125
4 0.16328125 0.82890625 0.01640625 0.0390625
6 0.5546875 0.82890625 0.01640625 0.05859375
6 0.02734375 0.82890625 0.02265625 0.08984375
3 0.0640625 0.8296875 0.0703125 0.10546875
4 0.4734375 0.83203125 0.01328125 0.028125
2 0.903125 0.8390625 0.11328125 0.09609375
0 0.64140625 0.84375 0.0203125 0.04375
0 0.13984375 0.84453125 0.0234375 0.059375
4 0.5546875 0.84609375 0.0265625 0.053125
3 0.96171875 0.8484375 0.0734375 0.1
2 0.3421875 0.88671875 0.16875 0.2234375