6 0.334375 0.5078125 0.01171875 0.0703125
2 0.48515625 0.50859375 0.0171875 0.03125
2 0.45859375 0.509375 0.01640625 0.02265625
3 0.4625 0.51015625 0.01328125 0.03125
6 0.41953125 0.5125 0.0078125 0.03671875
0 0.43828125 0.5125 0.0078125 0.03515625
6 0.86484375 0.5171875 0.01484375 0.06484375
2 0.61953125 0.53125 0.084375 0.125
0 0.8671875 0.53671875 0.02578125 0.046875
6 0.9625 0.53671875 0.04453125 0.11484375
2 0.5921875 0.5453125 0.11953125 0.16484375
0 0.959375 0.57578125 0.0546875 0.08671875