2 0.3046875 0.51171875 0.13984375 0.19375
2 0.45859375 0.5125 0.053125 0.09921875
2 0.203125 0.515625 0.23828125 0.26953125
5 0.42265625 0.5171875 0.10859375 0.11171875
2 0.51015625 0.5171875 0.0421875 0.0640625
6 0.53359375 0.52109375 0.01484375 0.084375
6 0.55234375 0.52421875 0.015625 0.07421875
2 0.65078125 0.53125 0.08203125 0.15859375
6 0.47890625 0.5328125 0.0375 0.21796875
6 0.4046875 0.53828125 0.05234375 0.20625
6 0.7421875 0.5390625 0.02109375 0.10625
6 0.59453125 0.54921875 0.0640625 0.33515625
5 0.10234375 0.5515625 0.2046875 0.325
6 0.7890625 0.55546875 0.02890625 0.09140625
0 0.59140625 0.6828125 0.05703125 0.2140625