6 0.421875 0.49609375 0.02734375 0.134375
3 0.56953125 0.49609375 0.01484375 0.03515625
3 0.559375 0.5 0.0203125 0.04453125
5 0.68125 0.51171875 0.06171875 0.140625
2 0.5140625 0.5171875 0.075 0.11640625
3 0.6125 0.5203125 0.078125 0.159375
3 0.91328125 0.52265625 0.1703125 0.2578125
5 0.8109375 0.52578125 0.0890625 0.125
6 0.34453125 0.52890625 0.01796875 0.075
6 0.44140625 0.53046875 0.03046875 0.128125
7 0.734375 0.5328125 0.125 0.31875
7 0.29921875 0.5390625 0.03046875 0.0796875
0 0.34609375 0.5484375 0.0234375 0.0515625
6 0.2421875 0.55234375 0.04375 0.13125
6 0.12578125 0.55859375 0.03125 0.1234375
7 0.14453125 0.56328125 0.078125 0.1515625
4 0.246875 0.57890625 0.05625 0.1046875