6 0.125 0.64609375 0.01796875 0.02890625
3 0.05625 0.64921875 0.01484375 0.0328125
3 0.07578125 0.65 0.01640625 0.02890625
3 0.0421875 0.65390625 0.021875 0.03828125
2 0.10390625 0.65625 0.02265625 0.0328125
2 0.01328125 0.66171875 0.02578125 0.05078125
4 0.121875 0.6703125 0.01796875 0.0359375
3 0.1453125 0.67265625 0.04765625 0.096875
2 0.00703125 0.68046875 0.0109375 0.0703125
2 0.29453125 0.7421875 0.2625 0.3484375
6 0.71953125 0.7453125 0.12578125 0.3671875
4 0.74375 0.83203125 0.2125 0.3328125