4 0.38515625 0.509375 0.01171875 0.0359375
6 0.04375 0.509375 0.025 0.1015625
3 0.36015625 0.51171875 0.0203125 0.05
6 0.440625 0.5125 0.01640625 0.065625
4 0.1296875 0.53046875 0.021875 0.12421875
2 0.18203125 0.53046875 0.0890625 0.14453125
2 0.2546875 0.5359375 0.19921875 0.30859375
4 0.440625 0.54375 0.0234375 0.05234375
4 0.04296875 0.5546875 0.04296875 0.08515625
6 0.86953125 0.57421875 0.1640625 0.41484375
6 0.7984375 0.615625 0.096875 0.44296875
4 0.84296875 0.7671875 0.23203125 0.40234375