6 0.9703125 0.4859375 0.01640625 0.0796875
6 0.31171875 0.4859375 0.0109375 0.0546875
6 0.3625 0.48828125 0.00859375 0.0375
2 0.4546875 0.490625 0.01796875 0.034375
6 0.371875 0.490625 0.01015625 0.03671875
2 0.47109375 0.49609375 0.01484375 0.0265625
0 0.38984375 0.49921875 0.0125 0.0546875
6 0.9859375 0.50234375 0.02265625 0.09140625
2 0.10234375 0.50390625 0.20390625 0.17578125
2 0.453125 0.5046875 0.03203125 0.04609375
2 0.56953125 0.51328125 0.07734375 0.12265625
2 0.75 0.51640625 0.090625 0.0796875
0 0.98203125 0.52734375 0.0328125 0.0640625
2 0.1453125 0.5375 0.290625 0.17109375