2 0.18203125 0.621875 0.05703125 0.053125
6 0.91171875 0.65234375 0.0109375 0.02421875
6 0.8890625 0.653125 0.01015625 0.01953125
6 0.9015625 0.6546875 0.01328125 0.02578125
3 0.940625 0.6625 0.02109375 0.03984375
2 0.95078125 0.6625 0.0171875 0.03046875
2 0.97421875 0.6625 0.028125 0.03984375
0 0.88984375 0.66484375 0.009375 0.0265625
4 0.9109375 0.66796875 0.00859375 0.028125
2 0.92890625 0.66796875 0.03359375 0.04375
4 0.90234375 0.67109375 0.0125 0.03125
3 0.85390625 0.68359375 0.06328125 0.1234375
6 0.46640625 0.68984375 0.0640625 0.178125
2 0.61484375 0.734375 0.26328125 0.30546875
4 0.46796875 0.73671875 0.0671875 0.16171875