2 0.30078125 0.4984375 0.06640625 0.1265625
7 0.33203125 0.50859375 0.05390625 0.15390625
2 0.4734375 0.509375 0.03671875 0.05859375
3 0.24609375 0.51015625 0.08359375 0.1453125
6 0.47578125 0.5109375 0.025 0.0859375
1 0.60625 0.51875 0.053125 0.07890625
6 0.15234375 0.51875 0.0328125 0.1640625
6 0.04296875 0.52734375 0.05703125 0.20703125
6 0.53515625 0.528125 0.028125 0.08515625
4 0.47734375 0.53046875 0.02890625 0.07109375
4 0.0578125 0.5421875 0.10703125 0.1875
7 0.63203125 0.54296875 0.02890625 0.07734375
2 0.796875 0.55390625 0.09921875 0.1265625
6 0.7765625 0.5640625 0.02890625 0.14453125
7 0.76015625 0.56640625 0.0609375 0.14453125
2 0.8828125 0.5796875 0.12109375 0.165625
2 0.9578125 0.59921875 0.08125 0.1984375