1 0.07265625 0.7703125 0.14453125 0.28671875
6 0.4421875 0.79609375 0.01640625 0.07109375
6 0.98671875 0.79609375 0.01328125 0.05546875
6 0.57421875 0.796875 0.0125 0.040625
2 0.8828125 0.7984375 0.01796875 0.028125
2 0.41953125 0.79921875 0.0828125 0.059375
6 0.9953125 0.8 0.00859375 0.05703125
2 0.859375 0.80078125 0.01796875 0.03203125
6 0.559375 0.8015625 0.01171875 0.05390625
7 0.9265625 0.80546875 0.01953125 0.04140625
4 0.5734375 0.80859375 0.01484375 0.03203125
2 0.25 0.81015625 0.0703125 0.0484375
2 0.6390625 0.8109375 0.04921875 0.05390625
2 0.7640625 0.81328125 0.05234375 0.09140625
6 0.9625 0.81875 0.034375 0.1109375
0 0.9640625 0.84296875 0.03203125 0.08828125
2 0.8 0.85 0.11171875 0.16484375