2 0.9125 0.8015625 0.0203125 0.0484375
2 0.88125 0.81015625 0.0203125 0.0296875
1 0.31015625 0.8109375 0.30390625 0.27578125
2 0.78671875 0.815625 0.021875 0.02890625
2 0.63984375 0.815625 0.03203125 0.03671875
2 0.68515625 0.81796875 0.04921875 0.03671875
6 0.8453125 0.81875 0.0234375 0.08671875
3 0.9421875 0.821875 0.053125 0.1
6 0.55234375 0.8234375 0.025 0.06171875
4 0.84609375 0.8390625 0.02890625 0.06953125
4 0.55625 0.84296875 0.05078125 0.0484375
2 0.21875 0.84921875 0.434375 0.2984375
2 0.3703125 0.8515625 0.309375 0.29609375