1 0.76796875 0.50390625 0.13203125 0.115625
1 0.46875 0.51015625 0.015625 0.03203125
2 0.4796875 0.51640625 0.01875 0.0359375
2 0.52734375 0.5171875 0.0265625 0.0578125
2 0.565625 0.52734375 0.021875 0.02265625
2 0.58984375 0.528125 0.025 0.03359375
2 0.4984375 0.5328125 0.05078125 0.08203125
6 0.70390625 0.5359375 0.0203125 0.05078125
2 0.64140625 0.53984375 0.10078125 0.1484375
4 0.7046875 0.5546875 0.02421875 0.04609375
2 0.825 0.5703125 0.13203125 0.1
2 0.8578125 0.70234375 0.28125 0.5921875