4 0.00390625 0.596875 0.0046875 0.028125
4 0.0171875 0.5984375 0.009375 0.03203125
6 0.58203125 0.63671875 0.0171875 0.07421875
6 0.5625 0.63671875 0.0203125 0.08203125
3 0.29296875 0.6375 0.04453125 0.07890625
2 0.1 0.6671875 0.15703125 0.19140625
6 0.57421875 0.66796875 0.028125 0.1
6 0.65546875 0.6828125 0.0421875 0.11640625
0 0.578125 0.7015625 0.04765625 0.07734375
5 0.85390625 0.71171875 0.08984375 0.1015625
0 0.6546875 0.72109375 0.05703125 0.0890625
5 0.93671875 0.73515625 0.1171875 0.1078125