6 0.303125 0.68203125 0.02421875 0.16796875
7 0.12421875 0.68359375 0.0640625 0.16171875
6 0.2 0.69375 0.0328125 0.159375
6 0.72265625 0.70859375 0.04921875 0.259375
6 0.809375 0.71171875 0.08046875 0.29375
6 0.97421875 0.7171875 0.05078125 0.30625
6 0.6671875 0.73046875 0.06015625 0.35078125
2 0.02890625 0.7390625 0.0546875 0.36875
2 0.37734375 0.7609375 0.246875 0.26484375
6 0.61328125 0.76171875 0.07265625 0.403125
4 0.45703125 0.821875 0.203125 0.24453125
5 0.784375 0.834375 0.290625 0.328125
6 0.88125 0.8515625 0.10859375 0.29609375