3 0.88671875 0.65 0.02890625 0.06328125
2 0.3015625 0.65234375 0.06171875 0.0859375
6 0.98671875 0.66015625 0.0234375 0.0953125
6 0.271875 0.66640625 0.02578125 0.0796875
6 0.9625 0.67265625 0.03828125 0.1234375
6 0.203125 0.6890625 0.0421875 0.14375
6 0.1703125 0.69296875 0.04375 0.1453125
3 0.1234375 0.6984375 0.08984375 0.1515625
4 0.95234375 0.7015625 0.0921875 0.115625
4 0.1796875 0.72578125 0.0890625 0.11796875
2 0.546875 0.74765625 0.63046875 0.50078125
2 0.021875 0.759375 0.040625 0.190625