6 0.81328125 0.64375 0.02109375 0.04375
6 0.928125 0.6453125 0.04765625 0.09296875
6 0.89921875 0.65859375 0.03984375 0.1390625
6 0.07109375 0.66171875 0.059375 0.11015625
2 0.98671875 0.6640625 0.0234375 0.18125
6 0.84921875 0.671875 0.0703125 0.190625
0 0.809375 0.67578125 0.03671875 0.05390625
0 0.09609375 0.69921875 0.0390625 0.08125
4 0.0671875 0.7234375 0.065625 0.1109375
0 0.93203125 0.73125 0.04609375 0.125
4 0.84921875 0.74296875 0.1734375 0.2046875
2 0.415625 0.7453125 0.6078125 0.50390625