2 0.05546875 0.803125 0.02734375 0.04375
2 0.13125 0.80546875 0.02109375 0.03828125
3 0.0765625 0.80625 0.0140625 0.025
2 0.09375 0.8078125 0.02109375 0.03203125
4 0.1421875 0.81171875 0.01171875 0.034375
2 0.18203125 0.81171875 0.04921875 0.07421875
2 0.11171875 0.81640625 0.04609375 0.06328125
3 0.55 0.85078125 0.04453125 0.07890625
6 0.62109375 0.8578125 0.0171875 0.0703125
4 0.62109375 0.87109375 0.028125 0.05859375
2 0.346875 0.8828125 0.20625 0.23125
6 0.76796875 0.884375 0.02109375 0.11171875
6 0.7765625 0.8859375 0.0234375 0.1109375
4 0.78203125 0.89609375 0.05546875 0.09140625
2 0.9703125 0.90859375 0.05625 0.1796875