6 0.0421875 0.46875 0.04453125 0.13515625
6 0.20625 0.478125 0.02265625 0.10703125
2 0.328125 0.49765625 0.0828125 0.09375
2 0.390625 0.4984375 0.06171875 0.075
6 0.4765625 0.503125 0.01484375 0.07421875
6 0.321875 0.50390625 0.02421875 0.1234375
2 0.46015625 0.5046875 0.04609375 0.059375
6 0.39296875 0.5078125 0.02265625 0.11015625
7 0.37890625 0.50859375 0.05 0.140625
7 0.30546875 0.5109375 0.06015625 0.1390625
7 0.5765625 0.51796875 0.01796875 0.0515625
6 0.58828125 0.51796875 0.00703125 0.040625
2 0.53671875 0.51796875 0.04296875 0.096875
6 0.60625 0.51953125 0.00703125 0.0359375
6 0.61171875 0.521875 0.00625 0.03828125
3 0.50078125 0.521875 0.04921875 0.09921875
0 0.48359375 0.53671875 0.02578125 0.05078125