6 0.1453125 0.81328125 0.00625 0.02421875
6 0.06875 0.81484375 0.01796875 0.071875
6 0.2234375 0.81484375 0.0078125 0.03125
3 0.15859375 0.815625 0.01640625 0.03046875
1 0.19765625 0.81640625 0.02421875 0.0359375
4 0.1453125 0.8171875 0.0078125 0.01953125
6 0.13828125 0.81796875 0.0125 0.05546875
6 0.56796875 0.825 0.03359375 0.15
0 0.13828125 0.83125 0.01328125 0.040625
2 0.30078125 0.83203125 0.09609375 0.115625
6 0.046875 0.8359375 0.04296875 0.14296875
2 0.6359375 0.83828125 0.08671875 0.08125
2 0.903125 0.840625 0.1265625 0.125
3 0.92734375 0.8578125 0.09921875 0.1359375
6 0.52109375 0.86640625 0.034375 0.16640625
0 0.0484375 0.87109375 0.04453125 0.11484375
2 0.35 0.8765625 0.203125 0.24375