1 0.1890625 0.54765625 0.0546875 0.09375
1 0.14140625 0.54921875 0.04140625 0.05546875
6 0.0078125 0.55 0.01015625 0.04921875
2 0.04375 0.55078125 0.05078125 0.046875
2 0.11640625 0.5578125 0.0234375 0.0328125
6 0.65390625 0.5578125 0.03828125 0.1390625
2 0.09609375 0.55859375 0.03359375 0.06484375
4 0.1421875 0.56484375 0.0125 0.0375
7 0.2296875 0.5671875 0.0171875 0.040625
6 0.6265625 0.571875 0.0296875 0.13671875
4 0.16015625 0.57265625 0.01796875 0.05546875
2 0.0609375 0.5984375 0.08515625 0.11484375
7 0.659375 0.615625 0.09453125 0.2078125
2 0.82734375 0.69609375 0.3421875 0.4734375
2 0.43828125 0.72890625 0.42734375 0.49453125