6 0.55546875 0.50390625 0.0171875 0.0765625
7 0.4984375 0.50546875 0.01953125 0.06328125
6 0.5921875 0.50625 0.01953125 0.08671875
2 0.57578125 0.50703125 0.03828125 0.06328125
7 0.5171875 0.509375 0.02734375 0.07421875
7 0.4234375 0.51953125 0.02421875 0.078125
2 0.45859375 0.525 0.0703125 0.10546875
5 0.7421875 0.53125 0.07265625 0.10625
6 0.38984375 0.53203125 0.02265625 0.103125
5 0.6296875 0.5328125 0.05625 0.08203125
5 0.68515625 0.53671875 0.084375 0.11796875
6 0.328125 0.55 0.03203125 0.05546875
6 0.0296875 0.62109375 0.05625 0.3109375