6 0.90625 0.65390625 0.0078125 0.02265625
3 0.95546875 0.6578125 0.009375 0.0265625
6 0.434375 0.659375 0.02890625 0.13203125
2 0.93828125 0.6609375 0.0203125 0.03203125
3 0.965625 0.6609375 0.01796875 0.03828125
2 0.91953125 0.66328125 0.028125 0.03359375
6 0.19921875 0.67109375 0.04453125 0.19296875
3 0.8640625 0.6734375 0.0515625 0.109375
6 0.1578125 0.678125 0.04140625 0.19453125
6 0.63828125 0.68046875 0.03515625 0.1390625
0 0.63828125 0.7140625 0.03984375 0.0984375
2 0.76953125 0.7265625 0.2109375 0.28203125