6 0.3625 0.503125 0.009375 0.04296875
6 0.37265625 0.50390625 0.0078125 0.0375
6 0.3890625 0.50625 0.00625 0.0375
6 0.7953125 0.50859375 0.01171875 0.078125
5 0.40546875 0.50859375 0.01640625 0.0421875
6 0.28828125 0.509375 0.01796875 0.09609375
6 0.77109375 0.51015625 0.01171875 0.07890625
6 0.296875 0.5109375 0.01015625 0.0828125
3 0.434375 0.5109375 0.021875 0.03984375
4 0.26015625 0.51875 0.025 0.07265625
2 0.4859375 0.5265625 0.09609375 0.16171875
6 0.4875 0.55078125 0.09375 0.26484375
4 0.4828125 0.62890625 0.103125 0.27578125