6 0.31484375 0.4875 0.034375 0.11875
1 0.5234375 0.50234375 0.03125 0.04296875
1 0.56328125 0.5046875 0.02421875 0.028125
1 0.59453125 0.50625 0.02421875 0.02890625
1 0.5328125 0.50625 0.02421875 0.04296875
6 0.48359375 0.50703125 0.00859375 0.03359375
2 0.82109375 0.5078125 0.0328125 0.0140625
6 0.47109375 0.50859375 0.00859375 0.040625
6 0.50625 0.51171875 0.00703125 0.025
3 0.5515625 0.515625 0.01015625 0.02265625
0 0.50625 0.51875 0.00703125 0.01875
3 0.565625 0.51875 0.01484375 0.03203125
2 0.56640625 0.51953125 0.0171875 0.0234375
4 0.69296875 0.53125 0.01796875 0.06328125
2 0.64609375 0.5359375 0.08046875 0.109375
6 0.86953125 0.5578125 0.0578125 0.15859375
0 0.8796875 0.6140625 0.06640625 0.109375