6 0.68203125 0.83046875 0.01796875 0.05078125
7 0.63359375 0.83203125 0.0375 0.08359375
6 0.7015625 0.8328125 0.0171875 0.06171875
2 0.8640625 0.83359375 0.05078125 0.06953125
3 0.7390625 0.834375 0.0421875 0.07109375
6 0.62890625 0.8359375 0.01796875 0.084375
2 0.8078125 0.83671875 0.0640625 0.06171875
2 0.74453125 0.83671875 0.053125 0.05546875
6 0.5296875 0.83671875 0.01484375 0.07421875
4 0.68203125 0.8390625 0.021875 0.04609375
6 0.55546875 0.8390625 0.021875 0.06484375
4 0.69765625 0.83984375 0.01796875 0.04453125
0 0.55546875 0.853125 0.04296875 0.05546875
2 0.3078125 0.859375 0.4890625 0.28046875
2 0.09375 0.878125 0.184375 0.240625