6 0.8828125 0.81015625 0.01015625 0.0515625
6 0.88671875 0.8109375 0.01015625 0.0390625
6 0.87109375 0.8125 0.01796875 0.06171875
6 0.85234375 0.81328125 0.021875 0.08359375
6 0.8296875 0.815625 0.0171875 0.06171875
2 0.79609375 0.81953125 0.07265625 0.11328125
6 0.34375 0.82109375 0.02265625 0.08671875
0 0.884375 0.821875 0.0140625 0.04375
2 0.96796875 0.82421875 0.05078125 0.075
2 0.92890625 0.8265625 0.09140625 0.11484375
0 0.87109375 0.82734375 0.01640625 0.05078125
0 0.83125 0.82890625 0.01640625 0.0484375
0 0.853125 0.834375 0.02109375 0.06015625
0 0.3421875 0.83828125 0.03984375 0.06328125
2 0.578125 0.86875 0.1484375 0.16484375
2 0.725 0.87421875 0.19375 0.2484375