1 0.734375 0.5609375 0.1609375 0.22578125
1 0.94765625 0.56796875 0.03828125 0.065625
1 0.890625 0.5703125 0.0390625 0.05703125
2 0.99140625 0.5796875 0.01640625 0.03984375
6 0.43359375 0.5796875 0.03203125 0.146875
6 0.515625 0.58046875 0.021875 0.1203125
2 0.9796875 0.5828125 0.0171875 0.02265625
2 0.96015625 0.58359375 0.03828125 0.0640625
2 0.85234375 0.615625 0.10234375 0.11328125
6 0.48671875 0.61640625 0.02734375 0.1265625
6 0.4453125 0.62109375 0.04140625 0.16015625
4 0.50859375 0.6390625 0.05859375 0.09453125
4 0.440625 0.6453125 0.05703125 0.11875
2 0.21640625 0.71328125 0.4328125 0.5703125
2 0.7125 0.71796875 0.334375 0.434375