6 0.578125 0.49609375 0.02734375 0.134375
3 0.43046875 0.49609375 0.01484375 0.03515625
3 0.440625 0.5 0.0203125 0.04453125
5 0.31875 0.51171875 0.06171875 0.140625
2 0.4859375 0.5171875 0.075 0.11640625
3 0.3875 0.5203125 0.078125 0.159375
3 0.0859375 0.521875 0.171875 0.25625
5 0.1890625 0.52578125 0.0890625 0.125
6 0.65546875 0.52890625 0.01796875 0.075
6 0.55859375 0.53046875 0.03046875 0.128125
7 0.265625 0.5328125 0.125 0.31875
7 0.70078125 0.5390625 0.03046875 0.0796875
0 0.65390625 0.5484375 0.0234375 0.0515625
6 0.7578125 0.55234375 0.04375 0.13125
6 0.87421875 0.55859375 0.03125 0.1234375
7 0.85546875 0.56328125 0.078125 0.1515625
4 0.753125 0.57890625 0.05625 0.1046875