1 0.453125 0.4515625 0.10859375 0.23828125
6 0.27109375 0.48828125 0.0171875 0.0765625
6 0.240625 0.49921875 0.0265625 0.1234375
3 0.37734375 0.5046875 0.02890625 0.059375
3 0.3375 0.50546875 0.04765625 0.09765625
6 0.33671875 0.51875 0.0234375 0.11484375
1 0.84921875 0.51875 0.19921875 0.2
4 0.303125 0.53046875 0.02890625 0.084375
3 0.6796875 0.5328125 0.0515625 0.07890625
6 0.73984375 0.54375 0.01640625 0.040625
2 0.49453125 0.56015625 0.20234375 0.32734375
6 0.728125 0.56171875 0.0140625 0.03359375