6 0.8203125 0.64609375 0.0140625 0.05625
6 0.96953125 0.65625 0.01328125 0.06796875
6 0.95703125 0.65703125 0.01484375 0.06640625
2 0.8734375 0.66015625 0.08046875 0.11484375
6 0.93828125 0.66796875 0.01640625 0.0890625
2 0.9890625 0.69375 0.01875 0.190625
5 0.83203125 0.70390625 0.05625 0.08046875
6 0.4953125 0.7171875 0.1203125 0.36796875
5 0.68359375 0.7296875 0.08671875 0.11484375
6 0.6140625 0.74375 0.05234375 0.284375
7 0.4390625 0.75234375 0.2875 0.4921875
0 0.58359375 0.7609375 0.07890625 0.1390625
5 0.259375 0.86953125 0.3015625 0.23671875
6 0.196875 0.92421875 0.121875 0.1484375