6 0.71328125 0.48046875 0.0140625 0.071875
7 0.82109375 0.48203125 0.07578125 0.10078125
6 0.81171875 0.48359375 0.025 0.0953125
7 0.76796875 0.4875 0.05546875 0.09375
7 0.6734375 0.49140625 0.03515625 0.084375
7 0.725 0.4921875 0.0375 0.09140625
6 0.7515625 0.49453125 0.02890625 0.08359375
7 0.63359375 0.4984375 0.03203125 0.0859375
4 0.55390625 0.50078125 0.01015625 0.0390625
2 0.596875 0.509375 0.04140625 0.05546875
6 0.4703125 0.5109375 0.0453125 0.14609375
6 0.41953125 0.5296875 0.05078125 0.1890625
2 0.35390625 0.5359375 0.084375 0.09921875
7 0.38046875 0.53828125 0.11796875 0.16171875
6 0.35859375 0.5390625 0.03203125 0.1265625
7 0.44765625 0.540625 0.16328125 0.23671875
6 0.26171875 0.55078125 0.01484375 0.059375
7 0.2015625 0.5546875 0.0546875 0.08515625
0 0.26328125 0.56484375 0.02265625 0.05
6 0.140625 0.57109375 0.10234375 0.228125
4 0.1390625 0.6203125 0.15703125 0.2015625
2 0.075 0.63046875 0.146875 0.1984375