6 0.8703125 0.79921875 0.0078125 0.04140625
2 0.82265625 0.79921875 0.02265625 0.01953125
2 0.79765625 0.80078125 0.0171875 0.03125
2 0.78359375 0.80078125 0.01328125 0.02421875
6 0.9578125 0.8015625 0.01640625 0.08515625
2 0.84921875 0.803125 0.02265625 0.03203125
6 0.8625 0.80390625 0.0109375 0.0390625
6 0.82265625 0.80390625 0.01171875 0.03515625
6 0.91015625 0.8046875 0.01484375 0.04296875
2 0.81015625 0.80625 0.02265625 0.0296875
0 0.8234375 0.81171875 0.01484375 0.03125
4 0.32109375 0.83125 0.071875 0.09375
2 0.6953125 0.8484375 0.1796875 0.28828125