6 0.90703125 0.48828125 0.01484375 0.071875
6 0.33828125 0.49140625 0.01015625 0.04921875
6 0.37890625 0.49296875 0.0078125 0.034375
6 0.3890625 0.49453125 0.0078125 0.0328125
2 0.46484375 0.496875 0.0203125 0.0375
2 0.47890625 0.49921875 0.015625 0.025
6 0.85 0.5015625 0.0171875 0.06875
0 0.409375 0.50234375 0.0125 0.0515625
2 0.46484375 0.509375 0.03359375 0.046875
2 0.69375 0.51171875 0.06796875 0.0625
2 0.08828125 0.515625 0.1765625 0.13671875
0 0.84921875 0.51640625 0.028125 0.05390625
2 0.5828125 0.5171875 0.078125 0.1234375
2 0.23828125 0.528125 0.21328125 0.115625
2 0.04453125 0.54296875 0.0890625 0.1078125
6 0.0890625 0.55859375 0.0703125 0.34765625