2 0.159375 0.7984375 0.01171875 0.01875
2 0.278125 0.80078125 0.0234375 0.03515625
3 0.14375 0.8015625 0.01328125 0.02890625
6 0.18125 0.80703125 0.01484375 0.04609375
2 0.0671875 0.8078125 0.10390625 0.071875
2 0.22890625 0.8078125 0.0375 0.0609375
6 0.18046875 0.80859375 0.015625 0.04765625
7 0.028125 0.8125 0.0328125 0.09375
7 0.0703125 0.81328125 0.03515625 0.084375
6 0.10078125 0.81484375 0.02265625 0.09296875
7 0.01875 0.81796875 0.03203125 0.09765625
6 0.128125 0.81953125 0.02421875 0.0921875
4 0.1796875 0.81953125 0.0171875 0.03984375
6 0.07578125 0.82109375 0.025 0.090625
7 0.01796875 0.82109375 0.03515625 0.13046875
4 0.075 0.83203125 0.0265625 0.0703125
0 0.128125 0.8390625 0.02421875 0.06796875
0 0.1015625 0.840625 0.02265625 0.07109375
6 0.57265625 0.86953125 0.07109375 0.2390625
2 0.3734375 0.87265625 0.225 0.2515625
4 0.58125 0.909375 0.10390625 0.18046875