4 0.01640625 0.59296875 0.009375 0.03359375
6 0.43828125 0.6234375 0.01484375 0.0640625
6 0.45625 0.62578125 0.01171875 0.06640625
3 0.2875 0.63359375 0.04296875 0.075
6 0.37734375 0.63984375 0.0171875 0.071875
6 0.415625 0.64375 0.015625 0.06875
0 0.378125 0.6625 0.02421875 0.05
0 0.415625 0.66328125 0.02421875 0.0609375
5 0.56875 0.66875 0.053125 0.06875
2 0.12578125 0.6734375 0.1828125 0.21953125
5 0.615625 0.67734375 0.06015625 0.0578125
5 0.8078125 0.70390625 0.1359375 0.10546875
5 0.93046875 0.73046875 0.13828125 0.09921875