2 0.134375 0.60078125 0.01796875 0.0328125
2 0.07578125 0.609375 0.03828125 0.04921875
2 0.02734375 0.61484375 0.05390625 0.06875
3 0.15859375 0.6171875 0.03359375 0.06796875
6 0.4125 0.6265625 0.01484375 0.0609375
2 0.35625 0.6296875 0.06640625 0.08515625
6 0.46171875 0.6296875 0.01328125 0.0671875
6 0.35078125 0.63046875 0.01796875 0.0625
0 0.35078125 0.6515625 0.021875 0.05234375
2 0.8265625 0.67890625 0.24140625 0.18671875
2 0.54296875 0.7015625 0.24921875 0.2109375
2 0.8328125 0.76875 0.33125 0.459375