1 0.98671875 0.4203125 0.0234375 0.290625
3 0.8796875 0.47421875 0.0875 0.13359375
3 0.71640625 0.478125 0.03515625 0.05859375
2 0.640625 0.4890625 0.04140625 0.0515625
2 0.56796875 0.49453125 0.04453125 0.06484375
1 0.3859375 0.5 0.04140625 0.053125
2 0.35546875 0.50390625 0.03984375 0.0578125
2 0.50078125 0.5046875 0.04375 0.06328125
2 0.48515625 0.50703125 0.06796875 0.125
2 0.60390625 0.51484375 0.07578125 0.109375
6 0.26328125 0.53828125 0.01796875 0.07265625
6 0.06484375 0.5734375 0.02109375 0.084375