1 0.46640625 0.49765625 0.121875 0.14921875
2 0.2578125 0.50234375 0.0421875 0.084375
7 0.1265625 0.50546875 0.05625 0.125
4 0.3703125 0.52109375 0.01484375 0.04609375
2 0.47890625 0.5390625 0.11015625 0.15546875
6 0.63515625 0.56171875 0.01953125 0.0953125
6 0.6546875 0.565625 0.03046875 0.1015625
6 0.725 0.56796875 0.071875 0.25703125
0 0.621875 0.57890625 0.03359375 0.06640625
4 0.65390625 0.58125 0.04609375 0.08359375
6 0.75859375 0.584375 0.09296875 0.26328125
2 0.8484375 0.59765625 0.1921875 0.15625
3 0.915625 0.63359375 0.165625 0.3203125
4 0.74609375 0.66015625 0.13359375 0.25390625