3 0.04765625 0.65234375 0.02890625 0.06015625
6 0.77890625 0.66796875 0.02265625 0.065625
6 0.01875 0.6828125 0.0375 0.134375
6 0.8046875 0.6875 0.0515625 0.13984375
3 0.85625 0.69296875 0.09375 0.14296875
6 0.83359375 0.6953125 0.0453125 0.15
4 0.93515625 0.696875 0.053125 0.07109375
0 0.78359375 0.7078125 0.03046875 0.06015625
4 0.03671875 0.71640625 0.0734375 0.1234375
4 0.82734375 0.73203125 0.09296875 0.13359375
2 0.46015625 0.74921875 0.6453125 0.4984375
2 0.9796875 0.77421875 0.03984375 0.17109375