1 0.784375 0.52578125 0.14375 0.15859375
1 0.93203125 0.5390625 0.0421875 0.0640625
2 0.99296875 0.54375 0.0109375 0.01875
2 0.96328125 0.5578125 0.03984375 0.0640625
7 0.49140625 0.5625 0.04140625 0.06171875
4 0.909375 0.5671875 0.0203125 0.05859375
4 0.87734375 0.56796875 0.01875 0.05703125
2 0.96015625 0.58515625 0.07578125 0.096875
7 0.20078125 0.59140625 0.06015625 0.115625
6 0.4734375 0.60625 0.03125 0.1390625
7 0.3078125 0.61015625 0.07578125 0.14609375
2 0.6703125 0.709375 0.3828125 0.4859375
2 0.17109375 0.73046875 0.3421875 0.5203125