1 0.22421875 0.62578125 0.2484375 0.33515625
6 0.44296875 0.70546875 0.01875 0.10625
6 0.190625 0.7109375 0.0890625 0.35859375
2 0.02890625 0.7125 0.0546875 0.3125
6 0.53046875 0.7296875 0.0453125 0.140625
6 0.1734375 0.7359375 0.12265625 0.36953125
6 0.9046875 0.73828125 0.03203125 0.16484375
6 0.94140625 0.74453125 0.0375 0.165625
6 0.37734375 0.75 0.078125 0.2890625
4 0.525 0.78046875 0.06953125 0.1265625
6 0.98984375 0.7953125 0.0171875 0.253125
4 0.16640625 0.8171875 0.1140625 0.3625
0 0.38203125 0.8234375 0.09296875 0.2390625