6 0.9734375 0.47734375 0.03359375 0.1421875
5 0.94765625 0.50078125 0.1015625 0.1046875
7 0.59453125 0.50390625 0.0140625 0.04375
7 0.60859375 0.5046875 0.01796875 0.0515625
7 0.571875 0.5046875 0.01484375 0.03984375
6 0.7171875 0.50546875 0.02421875 0.11328125
6 0.58671875 0.5078125 0.01328125 0.0640625
7 0.55234375 0.51796875 0.040625 0.1078125
6 0.95859375 0.52734375 0.05859375 0.19765625
3 0.8171875 0.53125 0.15 0.24453125
5 0.728125 0.5328125 0.06171875 0.0828125
3 0.17109375 0.5609375 0.06484375 0.08828125