5 0.89609375 0.465625 0.1734375 0.30234375
3 0.565625 0.4984375 0.0203125 0.0421875
6 0.415625 0.50078125 0.04296875 0.15390625
2 0.5234375 0.51640625 0.07265625 0.11484375
3 0.62578125 0.52265625 0.08671875 0.17265625
5 0.7125 0.52734375 0.08359375 0.14609375
3 0.95234375 0.53359375 0.09453125 0.325
6 0.31875 0.53359375 0.02109375 0.084375
6 0.4421875 0.5359375 0.0265625 0.14140625
7 0.7703125 0.54140625 0.1515625 0.38046875
6 0.20234375 0.5515625 0.02421875 0.11015625
0 0.32109375 0.553125 0.02734375 0.0609375
6 0.1515625 0.565625 0.0546875 0.165625
6 0.04453125 0.57109375 0.04140625 0.15546875
5 0.22109375 0.571875 0.06796875 0.096875
7 0.06640625 0.57734375 0.10390625 0.18828125
4 0.15859375 0.6015625 0.0765625 0.14921875