6 0.90625 0.815625 0.01171875 0.04375
2 0.66015625 0.81640625 0.03203125 0.040625
2 0.88984375 0.81953125 0.0171875 0.02578125
2 0.8671875 0.82109375 0.02578125 0.03828125
2 0.83828125 0.82109375 0.04375 0.075
2 0.82578125 0.82109375 0.03046875 0.06484375
6 0.88046875 0.82265625 0.01796875 0.059375
0 0.90703125 0.82421875 0.01328125 0.0328125
2 0.57421875 0.825 0.06796875 0.0859375
2 0.9359375 0.83515625 0.0625 0.07734375
4 0.88125 0.83515625 0.02265625 0.05625
2 0.79140625 0.83828125 0.0671875 0.08125
6 0.94921875 0.84375 0.0390625 0.14375
2 0.753125 0.8703125 0.1234375 0.18515625
0 0.94921875 0.87421875 0.04140625 0.1078125