2 0.6046875 0.49609375 0.0390625 0.0578125
6 0.36796875 0.5015625 0.0078125 0.0375
6 0.3546875 0.50234375 0.01015625 0.04375
6 0.3859375 0.50625 0.0078125 0.03984375
5 0.40234375 0.5078125 0.01640625 0.04375
6 0.2625 0.5109375 0.0203125 0.1078125
6 0.2765625 0.51171875 0.01875 0.096875
6 0.81953125 0.515625 0.01796875 0.071875
6 0.7265625 0.515625 0.0125 0.0640625
4 0.23671875 0.51953125 0.03125 0.08984375
2 0.48203125 0.52421875 0.090625 0.16875
6 0.8 0.52421875 0.0140625 0.08125
6 0.45859375 0.55703125 0.08203125 0.25859375
4 0.459375 0.61640625 0.08515625 0.25234375