6 0.934375 0.471875 0.03515625 0.13671875
7 0.90859375 0.47421875 0.084375 0.14296875
7 0.95234375 0.475 0.0859375 0.1546875
2 0.5875 0.47890625 0.0640625 0.10703125
6 0.9765625 0.48125 0.03203125 0.1578125
7 0.98046875 0.48359375 0.0359375 0.1671875
6 0.41953125 0.5 0.03515625 0.16328125
6 0.14296875 0.50234375 0.04296875 0.19453125
2 0.33828125 0.515625 0.14140625 0.18515625
6 0.465625 0.52734375 0.0609375 0.290625
7 0.83828125 0.5296875 0.184375 0.37734375
6 0.13515625 0.5421875 0.06015625 0.24765625
3 0.07109375 0.54296875 0.1265625 0.1859375
6 0.37734375 0.54453125 0.075 0.259375
7 0.028125 0.56640625 0.053125 0.3046875
7 0.1546875 0.5703125 0.09765625 0.29921875
3 0.7015625 0.57265625 0.25 0.48359375
6 0.225 0.65390625 0.16875 0.6890625