1 0.11328125 0.6078125 0.03359375 0.05390625
1 0.246875 0.61171875 0.08984375 0.12421875
1 0.16640625 0.6125 0.0453125 0.07265625
2 0.0453125 0.61875 0.03203125 0.04296875
3 0.14140625 0.621875 0.01796875 0.0328125
2 0.01640625 0.634375 0.0296875 0.096875
6 0.3484375 0.634375 0.01015625 0.04921875
6 0.340625 0.63515625 0.0109375 0.05078125
6 0.175 0.6375 0.02578125 0.08125
6 0.3703125 0.64140625 0.0109375 0.06328125
6 0.3890625 0.64453125 0.0125 0.053125
6 0.4453125 0.64609375 0.01640625 0.06953125
4 0.17265625 0.646875 0.0265625 0.0609375
6 0.46328125 0.65078125 0.01484375 0.06796875
6 0.4640625 0.65078125 0.015625 0.06796875
6 0.48828125 0.65234375 0.0203125 0.075
6 0.478125 0.65234375 0.0140625 0.06796875
6 0.53203125 0.675 0.02890625 0.115625
6 0.84765625 0.70625 0.02890625 0.13203125
5 0.68203125 0.7140625 0.103125 0.08671875