6 0.4125 0.50390625 0.0234375 0.06640625
6 0.3734375 0.51015625 0.01328125 0.06484375
6 0.49140625 0.51953125 0.01015625 0.0375
2 0.17578125 0.5234375 0.3515625 0.48359375
2 0.61328125 0.5234375 0.0078125 0.009375
3 0.56875 0.5265625 0.01171875 0.02578125
4 0.60703125 0.5265625 0.00546875 0.021875
3 0.58984375 0.528125 0.0140625 0.02890625
4 0.60234375 0.52890625 0.00703125 0.02578125
2 0.53984375 0.52890625 0.05703125 0.08984375
4 0.4125 0.55 0.0328125 0.0515625
6 0.63828125 0.58515625 0.059375 0.259375
0 0.6515625 0.653125 0.2046875 0.1796875