6 0.0359375 0.46640625 0.0484375 0.128125
4 0.0375 0.48046875 0.075 0.1203125
1 0.45 0.50078125 0.02421875 0.04375
6 0.37890625 0.5015625 0.00546875 0.01953125
6 0.38671875 0.50234375 0.00546875 0.01796875
1 0.42734375 0.503125 0.01796875 0.04140625
6 0.3984375 0.50859375 0.0046875 0.01953125
6 0.4046875 0.509375 0.00390625 0.01953125
2 0.41875 0.5125 0.0125 0.01796875
3 0.44453125 0.5140625 0.01953125 0.0390625
2 0.471875 0.51640625 0.01796875 0.02578125
2 0.7734375 0.5875 0.36484375 0.44453125