6 0.98203125 0.46328125 0.0328125 0.2078125
6 0.9546875 0.471875 0.03203125 0.109375
6 0.7890625 0.4765625 0.021875 0.125
6 0.82421875 0.478125 0.02109375 0.1140625
7 0.6265625 0.50625 0.04453125 0.12109375
6 0.56953125 0.5078125 0.0203125 0.08046875
6 0.675 0.5109375 0.01953125 0.06875
6 0.59375 0.51171875 0.01953125 0.10625
6 0.58359375 0.5125 0.01484375 0.07890625
7 0.53671875 0.51484375 0.03828125 0.11640625
6 0.48828125 0.52265625 0.01484375 0.03203125
7 0.41875 0.53125 0.02265625 0.0609375
6 0.28984375 0.53203125 0.01640625 0.078125
7 0.3875 0.5375 0.02109375 0.06953125
6 0.2828125 0.5515625 0.0234375 0.11328125
7 0.296875 0.55703125 0.0515625 0.12578125
6 0.14375 0.56953125 0.04453125 0.16875
6 0.16796875 0.5796875 0.02265625 0.11484375
7 0.16328125 0.5828125 0.13125 0.1953125
6 0.078125 0.59453125 0.02734375 0.115625
7 0.02265625 0.671875 0.0421875 0.35625