6 0.01640625 0.47578125 0.03203125 0.14453125
6 0.04453125 0.48671875 0.02109375 0.11328125
6 0.06953125 0.49140625 0.021875 0.10703125
6 0.084375 0.49296875 0.01796875 0.09609375
7 0.315625 0.496875 0.0171875 0.04375
7 0.3296875 0.49765625 0.01953125 0.04921875
7 0.27734375 0.4984375 0.034375 0.09296875
6 0.37265625 0.4984375 0.00625 0.034375
6 0.378125 0.4984375 0.00859375 0.02890625
6 0.46171875 0.49921875 0.009375 0.04296875
7 0.346875 0.49921875 0.0171875 0.046875
6 0.36328125 0.5 0.01015625 0.04296875
2 0.3953125 0.5015625 0.01953125 0.028125
6 0.11328125 0.5046875 0.021875 0.13359375
6 0.4140625 0.5046875 0.01015625 0.0515625
6 0.42265625 0.50703125 0.01171875 0.0484375
3 0.2625 0.50859375 0.0578125 0.11171875
3 0.1546875 0.5109375 0.08359375 0.1453125
6 0.53828125 0.5125 0.0125 0.0765625
6 0.49140625 0.515625 0.01015625 0.075
6 0.50703125 0.51640625 0.02109375 0.05625
6 0.58671875 0.55546875 0.04140625 0.22421875
6 0.21875 0.5703125 0.09453125 0.4390625
5 0.796875 0.5890625 0.12109375 0.32421875