5 0.0375 0.47265625 0.075 0.41171875
6 0.303125 0.50390625 0.03515625 0.15625
2 0.45859375 0.50703125 0.07265625 0.1125
3 0.3484375 0.51640625 0.10546875 0.20859375
5 0.20703125 0.534375 0.1328125 0.2328125
6 0.77109375 0.54140625 0.034375 0.1140625
6 0.61640625 0.5421875 0.04453125 0.2203125
6 0.575 0.54375 0.03828125 0.21171875
0 0.30390625 0.54453125 0.03515625 0.1234375
7 0.128125 0.55625 0.2515625 0.58203125
6 0.91484375 0.56875 0.034375 0.15625
0 0.76796875 0.5703125 0.04375 0.08828125
5 0.88984375 0.59375 0.1140625 0.1328125