1 0.59296875 0.78984375 0.15 0.1484375
6 0.078125 0.79453125 0.009375 0.0390625
2 0.159375 0.79765625 0.01640625 0.02890625
7 0.10859375 0.8 0.01328125 0.03125
6 0.3421875 0.8015625 0.00859375 0.03359375
6 0.0921875 0.81015625 0.01953125 0.08125
6 0.08984375 0.8125 0.01640625 0.06796875
0 0.09296875 0.83125 0.02265625 0.06484375
2 0.8328125 0.84140625 0.13046875 0.08359375
6 0.9921875 0.8421875 0.0125 0.078125
7 0.7078125 0.846875 0.08515625 0.11015625
2 0.22109375 0.85078125 0.11484375 0.1734375
6 0.9671875 0.85703125 0.025 0.1046875