6 0.0265625 0.47734375 0.03359375 0.1421875
5 0.0515625 0.50078125 0.103125 0.10234375
7 0.40546875 0.50390625 0.0140625 0.04375
7 0.39140625 0.5046875 0.01796875 0.0515625
7 0.428125 0.5046875 0.01484375 0.03984375
6 0.2828125 0.50546875 0.02421875 0.11328125
6 0.41328125 0.5078125 0.01328125 0.0640625
7 0.44765625 0.51796875 0.040625 0.1078125
6 0.04140625 0.52734375 0.05859375 0.19765625
3 0.1828125 0.53125 0.15 0.24453125
5 0.271875 0.5328125 0.06171875 0.0828125
3 0.82890625 0.5609375 0.06484375 0.08828125