1 0.5671875 0.54609375 0.39453125 0.48359375
6 0.8875 0.57578125 0.02421875 0.0765625
6 0.9234375 0.5828125 0.02109375 0.08203125
6 0.94140625 0.58359375 0.0234375 0.06953125
1 0.13125 0.6125 0.03203125 0.0546875
2 0.1015625 0.61796875 0.021875 0.0375
2 0.14453125 0.61875 0.01640625 0.0265625
7 0.1890625 0.62109375 0.0140625 0.03125
4 0.1421875 0.625 0.01171875 0.03359375
7 0.2203125 0.62578125 0.025 0.0546875
6 0.8328125 0.653125 0.03671875 0.2046875
7 0.8671875 0.66484375 0.1578125 0.2375
2 0.05078125 0.68984375 0.0984375 0.2453125
2 0.44765625 0.74453125 0.5015625 0.5078125