6 0.05390625 0.7921875 0.01875 0.09140625
2 0.82890625 0.79609375 0.12734375 0.1078125
3 0.1671875 0.79921875 0.0109375 0.0234375
6 0.53515625 0.80078125 0.0125 0.05859375
2 0.09140625 0.80078125 0.05859375 0.1046875
6 0.521875 0.80234375 0.0140625 0.06015625
6 0.14296875 0.80390625 0.01640625 0.06875
2 0.20625 0.80546875 0.05625 0.0984375
6 0.134375 0.80859375 0.0234375 0.09296875
0 0.14296875 0.8171875 0.01640625 0.04765625
6 0.11640625 0.82109375 0.03359375 0.13671875
6 0.94921875 0.828125 0.0390625 0.121875
0 0.134375 0.828125 0.025 0.06640625
2 0.39453125 0.83125 0.17265625 0.2234375
2 0.8859375 0.84453125 0.225 0.3078125
0 0.11875 0.8515625 0.034375 0.1015625
2 0.2765625 0.8703125 0.19375 0.25625