1 0.75625 0.478125 0.08359375 0.10234375
7 0.83671875 0.49921875 0.03125 0.0609375
7 0.88515625 0.50078125 0.03515625 0.06875
7 0.86171875 0.50078125 0.03515625 0.06171875
2 0.475 0.50078125 0.02265625 0.025
2 0.54921875 0.50234375 0.02734375 0.0265625
3 0.45390625 0.503125 0.02578125 0.05546875
7 0.9015625 0.50390625 0.0359375 0.0671875
6 0.37265625 0.50625 0.0140625 0.07109375
2 0.7109375 0.50703125 0.04765625 0.04921875
6 0.34765625 0.51796875 0.02265625 0.09453125
2 0.6375 0.546875 0.16484375 0.22109375
4 0.92421875 0.6359375 0.1484375 0.725