6 0.703125 0.51171875 0.015625 0.09140625
2 0.53515625 0.5171875 0.02734375 0.053125
7 0.51484375 0.5234375 0.015625 0.04609375
7 0.50390625 0.52421875 0.0109375 0.04453125
2 0.81015625 0.52890625 0.19453125 0.25
7 0.5546875 0.53359375 0.04609375 0.128125
7 0.47890625 0.53515625 0.05703125 0.09609375
5 0.60390625 0.5359375 0.03359375 0.065625
6 0.66953125 0.53671875 0.02578125 0.13984375
6 0.63359375 0.53671875 0.034375 0.14921875
6 0.26171875 0.54765625 0.01640625 0.05859375
6 0.246875 0.55 0.0140625 0.06484375
6 0.18828125 0.55078125 0.01015625 0.0609375
6 0.2171875 0.55390625 0.01171875 0.0796875
6 0.2 0.55546875 0.01328125 0.0734375
5 0.6953125 0.55546875 0.0796875 0.08984375
2 0.403125 0.55546875 0.17265625 0.3203125
7 0.26953125 0.55703125 0.04140625 0.08203125
6 0.11015625 0.55859375 0.01640625 0.0796875
6 0.09296875 0.56015625 0.01328125 0.08359375
6 0.08046875 0.5609375 0.01484375 0.08359375
6 0.12734375 0.57265625 0.02265625 0.1234375
7 0.1421875 0.575 0.0671875 0.14296875
5 0.9375 0.6078125 0.121875 0.190625