1 0.05546875 0.43359375 0.1109375 0.2890625
6 0.2515625 0.4625 0.01015625 0.04296875
6 0.22421875 0.471875 0.01484375 0.05546875
3 0.28984375 0.478125 0.03046875 0.053125
3 0.16171875 0.47890625 0.06875 0.109375
3 0.36640625 0.48125 0.0234375 0.04765625
2 0.34921875 0.48671875 0.04296875 0.0515625
2 0.44375 0.490625 0.0375 0.05546875
2 0.49609375 0.50234375 0.04140625 0.0578125
2 0.51484375 0.503125 0.05859375 0.09921875
2 0.41796875 0.51484375 0.07421875 0.103125
2 0.628125 0.51640625 0.04609375 0.053125