6 0.8203125 0.48203125 0.01171875 0.0609375
6 0.89296875 0.48671875 0.01796875 0.09609375
7 0.97890625 0.48828125 0.0390625 0.1265625
6 0.69453125 0.49453125 0.0125 0.06015625
6 0.8 0.4984375 0.02265625 0.09921875
7 0.6984375 0.4984375 0.05390625 0.06953125
6 0.85546875 0.50078125 0.0171875 0.10859375
7 0.79765625 0.50078125 0.08359375 0.1
6 0.63125 0.503125 0.01640625 0.071875
1 0.234375 0.5046875 0.16796875 0.19609375
7 0.63828125 0.50625 0.06171875 0.08203125
7 0.73828125 0.51015625 0.06328125 0.13515625
6 0.5484375 0.5125 0.015625 0.06171875
6 0.87578125 0.5140625 0.034375 0.16171875
6 0.60703125 0.515625 0.02734375 0.1453125
6 0.5859375 0.5203125 0.02578125 0.1296875
6 0.7234375 0.521875 0.04765625 0.1734375
2 0.43359375 0.52421875 0.10546875 0.08984375
3 0.45 0.52578125 0.059375 0.0890625
0 0.5515625 0.5265625 0.03671875 0.04375
2 0.38203125 0.54296875 0.090625 0.08515625
6 0.34453125 0.55234375 0.03984375 0.18203125
6 0.325 0.58125 0.02265625 0.1296875