1 0.90546875 0.42578125 0.1859375 0.2203125
1 0.59140625 0.459375 0.0171875 0.0328125
1 0.55234375 0.465625 0.0140625 0.03515625
6 0.7203125 0.4671875 0.01171875 0.04453125
3 0.70078125 0.46953125 0.0265625 0.04765625
3 0.64453125 0.47109375 0.0234375 0.03984375
2 0.52890625 0.471875 0.009375 0.01640625
2 0.6609375 0.47578125 0.040625 0.040625
3 0.78125 0.48515625 0.05078125 0.08359375
2 0.446875 0.49453125 0.021875 0.03125
2 0.5125 0.4984375 0.03828125 0.053125
2 0.48671875 0.503125 0.0546875 0.09609375
2 0.56875 0.5140625 0.0703125 0.1