2 0.94921875 0.465625 0.0984375 0.11875
6 0.89296875 0.47578125 0.02890625 0.10703125
7 0.8859375 0.47890625 0.0453125 0.11875
6 0.6375 0.503125 0.0171875 0.084375
7 0.7578125 0.51328125 0.07578125 0.17421875
6 0.52421875 0.51328125 0.02421875 0.09453125
6 0.45625 0.51640625 0.02109375 0.07421875
7 0.534375 0.51640625 0.08203125 0.10703125
6 0.8171875 0.5203125 0.07265625 0.26640625
0 0.6390625 0.52109375 0.053125 0.06953125
6 0.80390625 0.5234375 0.05859375 0.21796875
3 0.4125 0.52890625 0.02578125 0.05546875
3 0.340625 0.53984375 0.0953125 0.11640625
0 0.46015625 0.54140625 0.0515625 0.053125
2 0.2390625 0.54453125 0.16484375 0.13359375
7 0.11640625 0.5609375 0.06640625 0.0890625
2 0.23515625 0.56328125 0.159375 0.11875
7 0.02421875 0.57265625 0.0453125 0.0984375