6 0.01171875 0.49765625 0.0234375 0.1109375
2 0.26484375 0.5 0.04140625 0.08671875
1 0.4484375 0.50078125 0.09921875 0.13828125
7 0.11328125 0.50234375 0.05703125 0.12890625
7 0.18046875 0.50390625 0.01953125 0.05
7 0.1984375 0.50390625 0.015625 0.03671875
4 0.36484375 0.5203125 0.01171875 0.03359375
2 0.4515625 0.53125 0.08359375 0.12109375
6 0.58671875 0.54296875 0.04140625 0.165625
6 0.60546875 0.553125 0.05390625 0.16953125
6 0.6328125 0.5609375 0.0234375 0.09140625
6 0.7015625 0.57578125 0.0921875 0.28828125
4 0.6328125 0.5796875 0.05 0.071875
4 0.6 0.596875 0.0796875 0.16953125
3 0.8140625 0.60078125 0.15546875 0.24296875
7 0.94453125 0.60078125 0.1078125 0.1546875
6 0.734375 0.603125 0.11953125 0.3640625
4 0.7296875 0.70625 0.17109375 0.34609375