6 0.74765625 0.50703125 0.02109375 0.08046875
6 0.70703125 0.51796875 0.028125 0.08125
6 0.684375 0.51953125 0.01328125 0.065625
6 0.659375 0.521875 0.01484375 0.07109375
7 0.77109375 0.521875 0.071875 0.12421875
6 0.66875 0.52734375 0.0171875 0.075
6 0.553125 0.528125 0.01796875 0.09453125
6 0.50390625 0.534375 0.01484375 0.10078125
6 0.4890625 0.5390625 0.01953125 0.096875
2 0.875 0.54140625 0.24921875 0.49453125
3 0.6046875 0.54140625 0.08828125 0.1515625
6 0.54453125 0.54609375 0.02578125 0.12890625
6 0.52109375 0.546875 0.02578125 0.1359375
5 0.2140625 0.6296875 0.16015625 0.13125
6 0.365625 0.74921875 0.11796875 0.3390625