6 0.0671875 0.45859375 0.04296875 0.26171875
6 0.10625 0.4609375 0.03203125 0.22421875
6 0.4265625 0.4984375 0.00859375 0.06875
7 0.46484375 0.50078125 0.03125 0.09296875
6 0.48984375 0.50625 0.01484375 0.08203125
7 0.5078125 0.50625 0.02109375 0.06640625
7 0.53515625 0.5109375 0.03359375 0.103125
6 0.30625 0.5125 0.03359375 0.21015625
6 0.32578125 0.51640625 0.040625 0.228125
6 0.2578125 0.51953125 0.0578125 0.18125
3 0.5859375 0.52265625 0.0171875 0.03984375
7 0.63359375 0.52734375 0.01484375 0.04140625
7 0.653125 0.534375 0.01796875 0.06171875
7 0.66875 0.53671875 0.0234375 0.0515625
6 0.6734375 0.53828125 0.0109375 0.0515625
7 0.7078125 0.53828125 0.0546875 0.08203125
7 0.74453125 0.540625 0.09296875 0.11875
6 0.8625 0.5640625 0.01484375 0.04296875
6 0.834375 0.56640625 0.01796875 0.07578125
6 0.975 0.571875 0.046875 0.115625
6 0.87734375 0.57578125 0.01640625 0.09140625
6 0.9 0.57890625 0.02109375 0.09296875
7 0.7828125 0.58203125 0.121875 0.3046875
2 0.9515625 0.7015625 0.09375 0.553125