6 0.5484375 0.49609375 0.01875 0.10234375
3 0.43046875 0.49609375 0.01640625 0.04140625
3 0.44375 0.49765625 0.0203125 0.04765625
6 0.34765625 0.503125 0.02421875 0.1140625
7 0.34453125 0.509375 0.05078125 0.1234375
5 0.2234375 0.5125 0.090625 0.1171875
3 0.19765625 0.5140625 0.096875 0.1796875
3 0.3953125 0.515625 0.06875 0.1390625
7 0.5859375 0.5171875 0.02578125 0.06875
2 0.490625 0.51796875 0.078125 0.12265625
7 0.29921875 0.52421875 0.09765625 0.25078125
6 0.64765625 0.52890625 0.02578125 0.084375
3 0.0625 0.5296875 0.125 0.32109375
7 0.67265625 0.5328125 0.028125 0.06953125
6 0.1375 0.53515625 0.0734375 0.284375
5 0.68828125 0.53671875 0.04453125 0.0875
6 0.7015625 0.5390625 0.01875 0.090625
7 0.753125 0.54375 0.046875 0.115625
4 0.646875 0.546875 0.0328125 0.07265625
3 0.96953125 0.59375 0.0578125 0.178125