3 0.85625 0.4765625 0.02890625 0.0703125
7 0.78125 0.48203125 0.0296875 0.0734375
3 0.75078125 0.49453125 0.04453125 0.09296875
6 0.5875 0.496875 0.01640625 0.0765625
6 0.709375 0.50390625 0.04609375 0.21171875
5 0.60703125 0.51015625 0.03203125 0.071875
6 0.56640625 0.5140625 0.01875 0.0984375
7 0.58046875 0.5171875 0.0546875 0.1046875
5 0.55234375 0.51796875 0.053125 0.0890625
6 0.475 0.5265625 0.02265625 0.1203125
6 0.42109375 0.53671875 0.02109375 0.109375
7 0.3890625 0.54375 0.0671875 0.140625
4 0.4765625 0.5484375 0.03828125 0.06796875
6 0.3609375 0.553125 0.02109375 0.11953125
7 0.31953125 0.55546875 0.075 0.1546875
6 0.14765625 0.55625 0.04921875 0.12578125
5 0.70625 0.55625 0.09609375 0.17578125
6 0.13359375 0.5578125 0.05078125 0.1234375
6 0.2203125 0.56328125 0.02578125 0.15078125
6 0.265625 0.56796875 0.0296875 0.103125
6 0.19375 0.58671875 0.0390625 0.165625
6 0.09921875 0.58984375 0.03984375 0.16328125
6 0.03984375 0.60625 0.05390625 0.2265625