6 0.2796875 0.7828125 0.009375 0.0265625
6 0.0359375 0.79609375 0.01015625 0.03671875
6 0.29765625 0.7984375 0.009375 0.03125
6 0.0625 0.8015625 0.01484375 0.04140625
6 0.1203125 0.80625 0.01796875 0.06171875
2 0.29765625 0.8078125 0.0328125 0.05859375
6 0.13671875 0.81015625 0.02734375 0.06640625
3 0.32421875 0.81640625 0.03203125 0.06015625
6 0.35859375 0.81640625 0.015625 0.05078125
2 0.2640625 0.8171875 0.040625 0.04375
0 0.065625 0.81796875 0.03046875 0.03671875
2 0.221875 0.81796875 0.0390625 0.05546875
2 0.26875 0.81875 0.04453125 0.05
2 0.32265625 0.81875 0.04375 0.04453125
4 0.3609375 0.82265625 0.01796875 0.03984375
6 0.75546875 0.825 0.01171875 0.05
4 0.13671875 0.825 0.05703125 0.06328125
2 0.840625 0.82734375 0.315625 0.3421875
6 0.6359375 0.83359375 0.01953125 0.075
2 0.47109375 0.8421875 0.1953125 0.3125
6 0.60234375 0.8453125 0.03203125 0.13671875
6 0.065625 0.84609375 0.0515625 0.22890625
2 0.82265625 0.859375 0.35390625 0.28046875
0 0.59765625 0.878125 0.084375 0.1015625