7 0.475 0.50859375 0.02890625 0.06875
6 0.4125 0.5109375 0.025 0.1234375
2 0.340625 0.5125 0.0890625 0.10078125
6 0.38671875 0.51328125 0.02421875 0.1203125
2 0.546875 0.52109375 0.08671875 0.13828125
4 0.32890625 0.53046875 0.07734375 0.09296875
6 0.68671875 0.5453125 0.03515625 0.1796875
7 0.25 0.5453125 0.1671875 0.43515625
6 0.72734375 0.55546875 0.0625 0.19296875
3 0.753125 0.55859375 0.10546875 0.1953125
7 0.859375 0.57421875 0.11484375 0.2484375
6 0.884375 0.575 0.0453125 0.19453125
0 0.72734375 0.6109375 0.07265625 0.1703125