1 0.525 0.41171875 0.359375 0.51015625
6 0.05390625 0.53515625 0.040625 0.20546875
1 0.8390625 0.5375 0.31875 0.203125
7 0.3015625 0.54140625 0.0671875 0.09296875
6 0.31015625 0.54453125 0.021875 0.0796875
7 0.34765625 0.5453125 0.0578125 0.0890625
6 0.346875 0.55078125 0.0171875 0.08515625
6 0.871875 0.5828125 0.021875 0.1234375
3 0.18984375 0.5828125 0.22265625 0.3625
6 0.96640625 0.58984375 0.06484375 0.2015625
3 0.525 0.64765625 0.30703125 0.603125
4 0.95390625 0.6609375 0.090625 0.19453125
2 0.0765625 0.6890625 0.153125 0.61875