6 0.9875 0.4984375 0.021875 0.1125
2 0.73515625 0.5 0.04140625 0.08671875
1 0.5515625 0.50078125 0.09921875 0.13828125
7 0.88671875 0.50234375 0.05703125 0.12890625
7 0.81953125 0.50390625 0.01953125 0.05
7 0.8015625 0.50390625 0.015625 0.03671875
4 0.63515625 0.5203125 0.01171875 0.03359375
2 0.5484375 0.53125 0.08359375 0.12109375
6 0.41328125 0.54296875 0.04140625 0.165625
6 0.39453125 0.553125 0.05390625 0.16953125
6 0.3671875 0.5609375 0.0234375 0.09140625
6 0.2984375 0.57578125 0.0921875 0.28828125
4 0.3671875 0.5796875 0.05 0.071875
4 0.4 0.596875 0.0796875 0.16953125
3 0.1859375 0.60078125 0.15546875 0.24296875
7 0.05546875 0.60078125 0.1078125 0.1546875
6 0.265625 0.603125 0.11953125 0.3640625
4 0.2703125 0.70625 0.17109375 0.34609375