6 0.015625 0.4859375 0.03046875 0.1703125
6 0.0625 0.49140625 0.0390625 0.19296875
6 0.78359375 0.49921875 0.04375 0.19140625
7 0.2984375 0.5 0.04453125 0.128125
6 0.75234375 0.5015625 0.05703125 0.20078125
2 0.78203125 0.52421875 0.22109375 0.26640625
6 0.80546875 0.5359375 0.06953125 0.28984375
2 0.58984375 0.5453125 0.12265625 0.1609375
6 0.64765625 0.55234375 0.059375 0.30078125
6 0.17265625 0.55546875 0.08046875 0.453125
2 0.14296875 0.5609375 0.2859375 0.3
6 0.96875 0.57265625 0.04296875 0.1953125
6 0.896875 0.57890625 0.05546875 0.2484375
7 0.48828125 0.60703125 0.2265625 0.578125
4 0.909375 0.621875 0.11484375 0.1890625