5 0.96171875 0.47265625 0.0734375 0.4140625
6 0.696875 0.50390625 0.03515625 0.15625
2 0.54140625 0.50703125 0.07265625 0.1125
3 0.6515625 0.51640625 0.10546875 0.20859375
5 0.79296875 0.534375 0.1328125 0.2328125
6 0.22890625 0.54140625 0.034375 0.1140625
6 0.38359375 0.5421875 0.04453125 0.2203125
6 0.425 0.54375 0.03828125 0.21171875
0 0.69609375 0.54453125 0.03515625 0.1234375
7 0.871875 0.55625 0.2515625 0.58203125
6 0.08515625 0.56875 0.034375 0.15625
0 0.23203125 0.5703125 0.04375 0.08828125
5 0.11015625 0.59375 0.1140625 0.1328125