7 0.76171875 0.6390625 0.01953125 0.05390625
2 0.78828125 0.64296875 0.0328125 0.05390625
7 0.790625 0.64609375 0.034375 0.08203125
2 0.86015625 0.65546875 0.09609375 0.13203125
7 0.7046875 0.659375 0.05078125 0.12109375
6 0.7328125 0.66328125 0.01484375 0.10546875
6 0.7515625 0.665625 0.0234375 0.11875
5 0.4375 0.678125 0.190625 0.40390625
2 0.6453125 0.6859375 0.1046875 0.13359375
6 0.3046875 0.72890625 0.0578125 0.315625
7 0.52265625 0.753125 0.17265625 0.453125
6 0.54296875 0.76640625 0.1046875 0.4640625
6 0.08671875 0.80390625 0.1140625 0.3890625
5 0.3109375 0.86015625 0.2375 0.2765625