6 0.70390625 0.6546875 0.03125 0.2890625
6 0.753125 0.65546875 0.06171875 0.146875
6 0.64140625 0.68203125 0.0484375 0.32890625
6 0.55234375 0.69921875 0.04296875 0.32421875
5 0.3203125 0.7125 0.07109375 0.14921875
2 0.209375 0.71640625 0.14765625 0.18203125
6 0.41875 0.72734375 0.05078125 0.334375
6 0.23359375 0.728125 0.05625 0.26953125
7 0.76015625 0.7296875 0.4765625 0.540625
6 0.79453125 0.73671875 0.2328125 0.5234375
6 0.6046875 0.73828125 0.0734375 0.38046875
2 0.053125 0.7421875 0.103125 0.378125
5 0.54921875 0.846875 0.32578125 0.30546875