7 0.31640625 0.50703125 0.05 0.1234375
6 0.58359375 0.52421875 0.04609375 0.16328125
2 0.6234375 0.5265625 0.08984375 0.1359375
2 0.73203125 0.52890625 0.17890625 0.2015625
6 0.678125 0.53359375 0.04453125 0.18828125
2 0.5328125 0.54140625 0.11640625 0.1234375
2 0.209375 0.54375 0.19765625 0.23125
6 0.6328125 0.546875 0.04453125 0.23984375
6 0.25546875 0.55625 0.06328125 0.328125
4 0.5828125 0.56171875 0.04609375 0.12890625
6 0.86640625 0.57109375 0.04140625 0.1765625
6 0.8015625 0.575 0.05078125 0.19453125
4 0.8109375 0.60546875 0.0796875 0.15625
7 0.459375 0.6109375 0.2 0.51875
5 0.84375 0.61640625 0.13515625 0.1484375
6 0.9765625 0.6171875 0.04375 0.35625
6 0.878125 0.61796875 0.06796875 0.134375