1 0.8765625 0.49921875 0.24375 0.9984375
6 0.21953125 0.803125 0.02734375 0.07265625
6 0.4125 0.803125 0.01640625 0.06015625
6 0.45703125 0.803125 0.0140625 0.05703125
1 0.66328125 0.80625 0.03203125 0.06015625
6 0.53125 0.80703125 0.03125 0.1484375
6 0.39296875 0.8078125 0.0125 0.04765625
6 0.23125 0.81015625 0.03046875 0.08046875
3 0.25625 0.8109375 0.06015625 0.07890625
6 0.30859375 0.8109375 0.01953125 0.096875
6 0.5015625 0.8109375 0.009375 0.03515625
6 0.4671875 0.8125 0.0125 0.05703125
6 0.48125 0.8125 0.01328125 0.03203125
6 0.3421875 0.8140625 0.01953125 0.08515625
6 0.3671875 0.8140625 0.02109375 0.08515625
2 0.590625 0.81484375 0.09453125 0.07109375
6 0.2953125 0.815625 0.01640625 0.08203125
4 0.21328125 0.821875 0.06328125 0.06640625
0 0.41328125 0.82265625 0.0203125 0.05234375
0 0.45859375 0.8234375 0.0140625 0.03515625
0 0.46875 0.8234375 0.009375 0.03203125
6 0.728125 0.82421875 0.028125 0.1046875
0 0.72890625 0.8484375 0.06328125 0.07421875
2 0.02890625 0.86328125 0.0578125 0.2703125