1 0.24921875 0.784375 0.2625 0.215625
2 0.86875 0.8 0.01640625 0.02578125
2 0.8546875 0.80078125 0.01484375 0.0296875
7 0.91328125 0.80390625 0.01484375 0.03515625
6 0.59296875 0.80390625 0.009375 0.04296875
2 0.83671875 0.80546875 0.01484375 0.021875
2 0.690625 0.809375 0.0359375 0.03515625
6 0.9359375 0.81171875 0.02421875 0.0765625
6 0.95078125 0.8171875 0.025 0.1046875
5 0.3875 0.82109375 0.05234375 0.10390625
2 0.77265625 0.82734375 0.0703125 0.10859375
6 0.95703125 0.828125 0.02421875 0.10625
0 0.93515625 0.834375 0.025 0.06015625
0 0.9515625 0.853125 0.03203125 0.084375
2 0.7921875 0.85546875 0.1109375 0.16796875