1 0.10859375 0.71484375 0.128125 0.33359375
6 0.053125 0.78828125 0.0203125 0.1109375
2 0.31640625 0.79140625 0.034375 0.04609375
6 0.6 0.79453125 0.01796875 0.090625
7 0.48359375 0.79609375 0.028125 0.06875
7 0.42734375 0.7984375 0.02265625 0.05546875
3 0.33515625 0.79921875 0.03046875 0.04296875
2 0.3671875 0.80390625 0.0453125 0.04296875
2 0.196875 0.80859375 0.0578125 0.08671875
6 0.0375 0.809375 0.01640625 0.08125
7 0.56953125 0.8109375 0.05234375 0.10703125
7 0.73984375 0.8515625 0.196875 0.29609375
2 0.234375 0.85390625 0.12734375 0.18984375
6 0.73125 0.86796875 0.06015625 0.246875