1 0.96171875 0.4140625 0.0734375 0.271875
3 0.85234375 0.4765625 0.08046875 0.12265625
3 0.7078125 0.478125 0.03203125 0.05625
1 0.53984375 0.47890625 0.015625 0.03515625
3 0.621875 0.48125 0.0203125 0.04453125
2 0.64140625 0.48828125 0.04375 0.05
2 0.55390625 0.49375 0.0375 0.059375
1 0.4078125 0.49453125 0.03125 0.04140625
2 0.38359375 0.49921875 0.028125 0.04921875
2 0.49453125 0.503125 0.0484375 0.05859375
2 0.4796875 0.50859375 0.06328125 0.11328125
2 0.58515625 0.51875 0.0796875 0.109375
6 0.31640625 0.52890625 0.015625 0.05859375
2 0.26484375 0.55234375 0.0828125 0.09296875