2 0.1234375 0.796875 0.01171875 0.02265625
3 0.1 0.80234375 0.0109375 0.02109375
6 0.0375 0.803125 0.01953125 0.0640625
0 0.0671875 0.80390625 0.00859375 0.03125
3 0.11015625 0.80390625 0.0125 0.0265625
0 0.053125 0.8046875 0.009375 0.0328125
2 0.884375 0.80703125 0.228125 0.3828125
2 0.1375 0.81015625 0.0328125 0.04140625
2 0.29921875 0.8171875 0.07890625 0.1015625
0 0.0375 0.82109375 0.01953125 0.04609375
1 0.4609375 0.8234375 0.05703125 0.0734375
1 0.57265625 0.82578125 0.08984375 0.1015625
2 0.66796875 0.85859375 0.084375 0.09296875
2 0.7453125 0.87109375 0.08359375 0.0765625
2 0.234375 0.8734375 0.175 0.25