1 0.44609375 0.48828125 0.05 0.11875
6 0.775 0.49609375 0.0796875 0.28515625
7 0.48046875 0.51015625 0.02265625 0.06484375
7 0.75859375 0.53828125 0.215625 0.378125
7 0.53515625 0.55 0.19140625 0.26328125
7 0.57109375 0.55234375 0.2328125 0.29765625
3 0.353125 0.559375 0.10234375 0.203125
6 0.53203125 0.56328125 0.090625 0.2734375
6 0.53671875 0.565625 0.07890625 0.278125
7 0.7390625 0.56875 0.35546875 0.44609375
6 0.70703125 0.5859375 0.059375 0.39140625
6 0.896875 0.58828125 0.10625 0.48125
7 0.88515625 0.6796875 0.2265625 0.35
2 0.096875 0.69296875 0.190625 0.6109375