1 0.14296875 0.434375 0.16953125 0.22890625
1 0.24453125 0.4453125 0.05 0.1265625
4 0.3109375 0.48671875 0.009375 0.03203125
3 0.321875 0.48828125 0.01484375 0.0375
2 0.38046875 0.49140625 0.01953125 0.040625
2 0.33203125 0.4953125 0.03125 0.04453125
2 0.36328125 0.5015625 0.04296875 0.05546875
2 0.5734375 0.515625 0.04375 0.06328125
3 0.046875 0.51640625 0.09375 0.2890625
2 0.51640625 0.52265625 0.03359375 0.05703125
3 0.60546875 0.5359375 0.02890625 0.046875
2 0.68828125 0.56875 0.11875 0.11953125
6 0.90390625 0.59921875 0.040625 0.12265625
0 0.9046875 0.6265625 0.0453125 0.0984375