7 0.69453125 0.50234375 0.05703125 0.06953125
7 0.7234375 0.50546875 0.0515625 0.096875
7 0.70703125 0.50546875 0.04921875 0.08125
2 0.54296875 0.521875 0.18359375 0.1140625
7 0.546875 0.5328125 0.09296875 0.25078125
7 0.36328125 0.53984375 0.075 0.19453125
7 0.275 0.540625 0.0515625 0.08125
6 0.80390625 0.54140625 0.13359375 0.58203125
7 0.221875 0.54296875 0.03828125 0.10703125
6 0.14609375 0.57734375 0.12734375 0.64921875
7 0.86484375 0.57890625 0.2703125 0.8390625
0 0.25234375 0.590625 0.04140625 0.12578125
7 0.125 0.6171875 0.246875 0.7625