6 0.92421875 0.79453125 0.0109375 0.08125
2 0.890625 0.79609375 0.0546875 0.08984375
3 0.82734375 0.79765625 0.01171875 0.02421875
2 0.2671875 0.79765625 0.10078125 0.08984375
6 0.8453125 0.80234375 0.0171875 0.0640625
6 0.86171875 0.8046875 0.01796875 0.08515625
6 0.871875 0.8140625 0.02578125 0.11953125
2 0.784375 0.815625 0.06640625 0.115625
0 0.8453125 0.81640625 0.015625 0.04921875
6 0.1828125 0.81953125 0.02890625 0.1015625
2 0.39609375 0.82578125 0.13203125 0.1359375
0 0.86171875 0.8265625 0.021875 0.0640625
2 0.56640625 0.8375 0.1796875 0.2453125
0 0.87265625 0.84921875 0.025 0.0953125
2 0.73125 0.86875 0.196875 0.259375