6 0.0171875 0.4625 0.034375 0.20625
6 0.0453125 0.471875 0.03203125 0.109375
6 0.2109375 0.4765625 0.021875 0.125
6 0.17578125 0.478125 0.02109375 0.1140625
7 0.3734375 0.50625 0.04453125 0.12109375
6 0.43046875 0.5078125 0.0203125 0.08046875
6 0.325 0.5109375 0.01953125 0.06875
6 0.40625 0.51171875 0.01953125 0.10625
6 0.41640625 0.5125 0.01484375 0.07890625
7 0.46328125 0.51484375 0.03828125 0.11640625
6 0.51171875 0.52265625 0.01484375 0.03203125
7 0.58125 0.53125 0.02265625 0.0609375
6 0.71015625 0.53203125 0.01640625 0.078125
7 0.6125 0.5375 0.02109375 0.06953125
6 0.7171875 0.5515625 0.0234375 0.11328125
7 0.703125 0.55703125 0.0515625 0.12578125
6 0.85625 0.56953125 0.04453125 0.16875
6 0.83203125 0.5796875 0.02265625 0.11484375
7 0.83671875 0.5828125 0.13125 0.1953125
6 0.921875 0.59453125 0.02734375 0.115625
7 0.97734375 0.671875 0.0421875 0.35625