5 0.31171875 0.4828125 0.028125 0.084375
3 0.371875 0.490625 0.0203125 0.04140625
7 0.38046875 0.490625 0.0171875 0.04921875
2 0.4234375 0.496875 0.03359375 0.05625
6 0.459375 0.51484375 0.05078125 0.16328125
6 0.73046875 0.53828125 0.0265625 0.12109375
6 0.8265625 0.540625 0.04453125 0.1390625
7 0.71796875 0.55234375 0.0546875 0.1453125
2 0.646875 0.55234375 0.1453125 0.20234375
4 0.46171875 0.55703125 0.05546875 0.15078125
6 0.85 0.56875 0.05859375 0.20625
3 0.17421875 0.57890625 0.28984375 0.51484375
7 0.82421875 0.5875 0.11875 0.21328125