2 0.0515625 0.60703125 0.02265625 0.028125
3 0.0921875 0.609375 0.01640625 0.03203125
2 0.121875 0.61796875 0.02890625 0.03671875
6 0.25859375 0.62109375 0.01015625 0.0421875
6 0.23203125 0.62578125 0.01171875 0.046875
6 0.2421875 0.62734375 0.00859375 0.04296875
6 0.1625 0.628125 0.02734375 0.0953125
2 0.18046875 0.63515625 0.0578125 0.07421875
6 0.3796875 0.64296875 0.01171875 0.059375
4 0.1625 0.65 0.03046875 0.08359375
6 0.57578125 0.65625 0.01875 0.0859375
0 0.37578125 0.6578125 0.01640625 0.04140625
6 0.84296875 0.696875 0.03515625 0.1125
3 0.9609375 0.75 0.075 0.24375