6 0.31875 0.50390625 0.01484375 0.05703125
4 0.4375 0.50390625 0.00625 0.0234375
6 0.303125 0.50390625 0.015625 0.06015625
6 0.91171875 0.5078125 0.0140625 0.0609375
6 0.82890625 0.51171875 0.01484375 0.059375
6 0.87421875 0.51328125 0.0171875 0.06015625
6 0.8265625 0.515625 0.0171875 0.053125
2 0.5625 0.52734375 0.0640625 0.11171875
0 0.875 0.534375 0.021875 0.0453125
2 0.50078125 0.553125 0.11875 0.17734375
6 0.75625 0.5890625 0.11875 0.39453125
6 0.76640625 0.5953125 0.103125 0.36953125
4 0.765625 0.65859375 0.15625 0.34453125