6 0.4859375 0.515625 0.0328125 0.1390625
7 0.5921875 0.52265625 0.06328125 0.1734375
7 0.490625 0.53125 0.0515625 0.15390625
6 0.3625 0.53828125 0.04765625 0.29609375
7 0.45234375 0.54921875 0.07578125 0.225
6 0.175 0.5515625 0.03984375 0.153125
7 0.39765625 0.5515625 0.1265625 0.328125
4 0.84609375 0.55390625 0.12890625 0.19921875
4 0.884375 0.55703125 0.17421875 0.2453125
6 0.20234375 0.565625 0.04609375 0.19375
3 0.72578125 0.5671875 0.209375 0.36015625
4 0.91171875 0.5953125 0.14609375 0.2296875