1 0.1875 0.5609375 0.08984375 0.13359375
1 0.06484375 0.5640625 0.04375 0.07421875
1 0.09921875 0.5671875 0.0375 0.05546875
2 0.05390625 0.58046875 0.0421875 0.0640625
6 0.12109375 0.58203125 0.0125 0.06328125
2 0.72421875 0.58359375 0.134375 0.1265625
2 0.021875 0.58359375 0.02109375 0.0328125
3 0.00859375 0.5859375 0.0140625 0.059375
2 0.59921875 0.60078125 0.175 0.15625
2 0.15703125 0.60234375 0.0984375 0.09140625
2 0.8046875 0.71015625 0.3875 0.5421875
2 0.3515625 0.7265625 0.37421875 0.46015625