6 0.978125 0.45390625 0.040625 0.2171875
6 0.8734375 0.4734375 0.03984375 0.1359375
6 0.871875 0.47578125 0.04453125 0.14140625
2 0.7640625 0.48125 0.18203125 0.271875
2 0.68828125 0.48359375 0.1078125 0.159375
7 0.571875 0.4890625 0.009375 0.025
7 0.57421875 0.490625 0.01328125 0.03828125
7 0.58203125 0.49296875 0.01796875 0.05390625
2 0.54140625 0.5015625 0.046875 0.06015625
6 0.45703125 0.5046875 0.0078125 0.03515625
2 0.52890625 0.50625 0.06796875 0.13125
6 0.4359375 0.50703125 0.01015625 0.04140625
2 0.403125 0.509375 0.0453125 0.05625
6 0.378125 0.51015625 0.00703125 0.03515625
6 0.60078125 0.5109375 0.03203125 0.134375
6 0.303125 0.53359375 0.01484375 0.065625
0 0.60078125 0.54296875 0.03515625 0.09296875
5 0.9296875 0.546875 0.1328125 0.15859375