2 0.0609375 0.60625 0.021875 0.02890625
3 0.10078125 0.60859375 0.0171875 0.0328125
2 0.13046875 0.6171875 0.02890625 0.03671875
6 0.25078125 0.61953125 0.009375 0.040625
6 0.2296875 0.621875 0.01015625 0.04296875
6 0.23984375 0.625 0.009375 0.03984375
6 0.19296875 0.6328125 0.03203125 0.11328125
2 0.1921875 0.6359375 0.06328125 0.07734375
6 0.3609375 0.63828125 0.01015625 0.0515625
6 0.53046875 0.6453125 0.0171875 0.0703125
0 0.35703125 0.65390625 0.01484375 0.03984375
4 0.19296875 0.6546875 0.03828125 0.0953125
6 0.86484375 0.67890625 0.034375 0.13046875
6 0.728125 0.68046875 0.028125 0.09375