6 0.28671875 0.48046875 0.0140625 0.071875
7 0.17890625 0.48203125 0.07578125 0.10078125
6 0.18828125 0.48359375 0.025 0.0953125
7 0.23203125 0.4875 0.05546875 0.09375
7 0.3265625 0.49140625 0.03515625 0.084375
7 0.275 0.4921875 0.0375 0.09140625
6 0.2484375 0.49453125 0.02890625 0.08359375
7 0.36640625 0.4984375 0.03203125 0.0859375
4 0.44609375 0.50078125 0.01015625 0.0390625
2 0.403125 0.509375 0.04140625 0.05546875
6 0.5296875 0.5109375 0.0453125 0.14609375
6 0.58046875 0.5296875 0.05078125 0.1890625
2 0.64609375 0.5359375 0.084375 0.09921875
7 0.61953125 0.53828125 0.11796875 0.16171875
6 0.64140625 0.5390625 0.03203125 0.1265625
7 0.55234375 0.540625 0.16328125 0.23671875
6 0.73828125 0.55078125 0.01484375 0.059375
7 0.7984375 0.5546875 0.0546875 0.08515625
0 0.73671875 0.56484375 0.02265625 0.05
6 0.859375 0.57109375 0.10234375 0.228125
4 0.8609375 0.6203125 0.15703125 0.2015625
2 0.925 0.63046875 0.146875 0.1984375