6 0.696875 0.68203125 0.02421875 0.16796875
7 0.87578125 0.68359375 0.0640625 0.16171875
6 0.8 0.69375 0.0328125 0.159375
6 0.27734375 0.70859375 0.04921875 0.259375
6 0.190625 0.71171875 0.08046875 0.29375
6 0.02578125 0.7171875 0.05078125 0.30625
6 0.3328125 0.73046875 0.06015625 0.35078125
2 0.97109375 0.7390625 0.0546875 0.36875
2 0.62265625 0.7609375 0.246875 0.26484375
6 0.38671875 0.76171875 0.07265625 0.403125
4 0.54296875 0.821875 0.203125 0.24453125
5 0.215625 0.834375 0.290625 0.328125
6 0.11875 0.8515625 0.10859375 0.29609375