6 0.9578125 0.46875 0.04453125 0.13515625
6 0.79375 0.478125 0.02265625 0.10703125
2 0.671875 0.49765625 0.0828125 0.09375
2 0.609375 0.4984375 0.06171875 0.075
6 0.5234375 0.503125 0.01484375 0.07421875
6 0.678125 0.50390625 0.02421875 0.1234375
2 0.53984375 0.5046875 0.04609375 0.059375
6 0.60703125 0.5078125 0.02265625 0.11015625
7 0.62109375 0.50859375 0.05 0.140625
7 0.69453125 0.5109375 0.06015625 0.1390625
7 0.4234375 0.51796875 0.01796875 0.0515625
6 0.41171875 0.51796875 0.00703125 0.040625
2 0.46328125 0.51796875 0.04296875 0.096875
6 0.39375 0.51953125 0.00703125 0.0359375
6 0.38828125 0.521875 0.00625 0.03828125
3 0.49921875 0.521875 0.04921875 0.09921875
0 0.51640625 0.53671875 0.02578125 0.05078125