1 0.23125 0.46484375 0.140625 0.15546875
6 0.37578125 0.49765625 0.00859375 0.02421875
2 0.38125 0.50625 0.025 0.03984375
1 0.47578125 0.50703125 0.01328125 0.03671875
1 0.321875 0.509375 0.03828125 0.06953125
6 0.3703125 0.5109375 0.00703125 0.03125
3 0.06328125 0.5140625 0.1265625 0.171875
2 0.5 0.51640625 0.01328125 0.0203125
2 0.4765625 0.51796875 0.02421875 0.0390625
2 0.5125 0.52421875 0.0328125 0.04765625
2 0.63828125 0.53125 0.04140625 0.06640625
2 0.5703125 0.53359375 0.0796875 0.13984375
2 0.4359375 0.53671875 0.08125 0.1109375
1 0.71953125 0.53828125 0.0609375 0.078125
2 0.23984375 0.53828125 0.15625 0.1609375