6 0.2765625 0.4953125 0.02109375 0.0796875
0 0.43984375 0.5015625 0.00703125 0.0296875
0 0.3609375 0.5109375 0.01953125 0.0828125
2 0.65703125 0.5125 0.03125 0.0546875
2 0.534375 0.5125 0.0484375 0.078125
2 0.471875 0.51328125 0.05546875 0.08125
6 0.91328125 0.52109375 0.01171875 0.0609375
6 0.93515625 0.5234375 0.015625 0.06484375
6 0.9 0.52421875 0.01484375 0.05546875
6 0.87734375 0.525 0.01796875 0.06484375
3 0.96328125 0.53828125 0.0703125 0.1015625
4 0.49140625 0.53984375 0.053125 0.18203125