6 0.04453125 0.7875 0.00703125 0.03203125
6 0.08203125 0.79453125 0.01953125 0.05390625
6 0.10703125 0.79609375 0.01171875 0.0453125
6 0.00546875 0.79609375 0.0109375 0.05703125
6 0.01640625 0.7984375 0.01953125 0.06015625
2 0.1046875 0.80078125 0.03203125 0.03203125
6 0.25 0.803125 0.01640625 0.06640625
6 0.29375 0.8046875 0.00859375 0.05
6 0.32109375 0.80546875 0.028125 0.109375
2 0.21953125 0.80625 0.040625 0.05390625
2 0.26953125 0.80703125 0.04140625 0.04921875
0 0.10703125 0.8078125 0.0125 0.034375
0 0.07890625 0.81171875 0.02421875 0.040625
2 0.778125 0.82734375 0.440625 0.3421875
2 0.47734375 0.82890625 0.32109375 0.34140625
0 0.31875 0.8296875 0.071875 0.0796875
6 0.2125 0.83125 0.06328125 0.18359375