6 0.25078125 0.653125 0.02578125 0.09921875
6 0.01875 0.65546875 0.034375 0.1328125
6 0.1515625 0.65859375 0.0484375 0.1703125
2 0.34453125 0.6609375 0.16328125 0.13671875
6 0.47734375 0.665625 0.0484375 0.234375
6 0.2796875 0.68125 0.05390625 0.24453125
6 0.13046875 0.715625 0.1125 0.31640625
6 0.53671875 0.71640625 0.05234375 0.1265625
6 0.62578125 0.73046875 0.1125 0.23125
4 0.02421875 0.7453125 0.04765625 0.1390625
4 0.2890625 0.746875 0.1609375 0.234375
7 0.97421875 0.7515625 0.0484375 0.3125
4 0.13984375 0.75625 0.12890625 0.13046875
6 0.85625 0.765625 0.08828125 0.3046875
4 0.4375 0.78046875 0.1640625 0.23125
4 0.6359375 0.8 0.19921875 0.25390625
0 0.13515625 0.80546875 0.159375 0.25625
4 0.959375 0.84609375 0.08046875 0.26640625
4 0.8328125 0.84921875 0.24921875 0.25859375