1 0.665625 0.434375 0.0921875 0.0609375
6 0.6625 0.44453125 0.0125 0.046875
6 0.64609375 0.4453125 0.00859375 0.03984375
6 0.69765625 0.44765625 0.00703125 0.03984375
6 0.68828125 0.45078125 0.0109375 0.03515625
6 0.8453125 0.46953125 0.03203125 0.15546875
6 0.74140625 0.4703125 0.0203125 0.08828125
2 0.546875 0.48203125 0.06796875 0.0828125
4 0.6734375 0.49765625 0.03359375 0.11015625
6 0.33828125 0.4984375 0.0171875 0.0515625
6 0.31953125 0.5 0.0125 0.0546875
3 0.37421875 0.5 0.05546875 0.0609375
2 0.2203125 0.50625 0.0296875 0.0375
2 0.5171875 0.50859375 0.10625 0.1328125
6 0.240625 0.50859375 0.01015625 0.0546875
6 0.4796875 0.521875 0.09453125 0.2171875
2 0.0609375 0.56796875 0.11875 0.2109375
4 0.490625 0.60390625 0.14375 0.18046875