6 0.68515625 0.4875 0.034375 0.11875
1 0.4765625 0.50234375 0.03125 0.04296875
1 0.43671875 0.5046875 0.02421875 0.028125
1 0.40546875 0.50625 0.02421875 0.02890625
1 0.4671875 0.50625 0.02421875 0.04296875
6 0.51640625 0.50703125 0.00859375 0.03359375
2 0.17890625 0.5078125 0.0328125 0.0140625
6 0.52890625 0.50859375 0.00859375 0.040625
6 0.49375 0.51171875 0.00703125 0.025
3 0.4484375 0.515625 0.01015625 0.02265625
0 0.49375 0.51875 0.00703125 0.01875
3 0.434375 0.51875 0.01484375 0.03203125
2 0.43359375 0.51953125 0.0171875 0.0234375
4 0.30703125 0.53125 0.01796875 0.06328125
2 0.35390625 0.5359375 0.08046875 0.109375
6 0.13046875 0.5578125 0.0578125 0.15859375
0 0.1203125 0.6140625 0.06640625 0.109375