6 0.68125 0.50390625 0.01484375 0.05703125
4 0.5625 0.50390625 0.00625 0.0234375
6 0.696875 0.50390625 0.015625 0.06015625
6 0.08828125 0.5078125 0.0140625 0.0609375
6 0.17109375 0.51171875 0.01484375 0.059375
6 0.12578125 0.51328125 0.0171875 0.06015625
6 0.1734375 0.515625 0.0171875 0.053125
2 0.4375 0.52734375 0.0640625 0.11171875
0 0.125 0.534375 0.021875 0.0453125
2 0.49921875 0.553125 0.11875 0.17734375
6 0.24375 0.5890625 0.11875 0.39453125
6 0.23359375 0.5953125 0.103125 0.36953125
4 0.234375 0.65859375 0.15625 0.34453125