6 0.1796875 0.63671875 0.01484375 0.0640625
6 0.2421875 0.6375 0.02578125 0.10859375
6 0.19765625 0.63984375 0.01328125 0.078125
2 0.09296875 0.64453125 0.13046875 0.21484375
7 0.0078125 0.646875 0.0125 0.096875
6 0.14453125 0.6890625 0.06015625 0.2359375
5 0.1921875 0.69296875 0.04765625 0.090625
6 0.2421875 0.7046875 0.0421875 0.13125
6 0.2921875 0.721875 0.06328125 0.34609375
5 0.2703125 0.721875 0.07578125 0.12421875
6 0.7734375 0.72421875 0.05390625 0.225
6 0.33671875 0.73125 0.05390625 0.33828125
0 0.14140625 0.78125 0.08125 0.23046875
5 0.46484375 0.81875 0.17734375 0.246875
5 0.8625 0.884375 0.27421875 0.23046875