1 0.40859375 0.48359375 0.05625 0.0859375
6 0.37578125 0.49453125 0.00703125 0.04453125
6 0.36015625 0.49453125 0.00703125 0.04609375
6 0.25 0.4953125 0.02890625 0.09296875
6 0.3109375 0.496875 0.01484375 0.06484375
6 0.3671875 0.496875 0.0125 0.05
6 0.38046875 0.496875 0.009375 0.0515625
6 0.0625 0.50078125 0.0328125 0.13203125
6 0.21875 0.50390625 0.05234375 0.159375
0 0.24765625 0.5140625 0.03203125 0.07109375
2 0.53515625 0.51484375 0.034375 0.0515625
2 0.48046875 0.53203125 0.12109375 0.20625
2 0.64921875 0.5359375 0.12109375 0.1796875
0 0.21640625 0.54140625 0.0671875 0.1359375