1 0.03125 0.43359375 0.0625 0.259375
6 0.578125 0.490625 0.03984375 0.15625
6 0.1390625 0.50234375 0.01875 0.096875
6 0.096875 0.503125 0.0265625 0.11171875
6 0.4359375 0.51796875 0.13515625 0.63203125
2 0.63671875 0.52734375 0.03671875 0.05078125
7 0.54140625 0.5296875 0.096875 0.25
6 0.68828125 0.5296875 0.01875 0.071875
6 0.61328125 0.53125 0.0375 0.13984375
2 0.67890625 0.53125 0.04921875 0.06328125
7 0.76171875 0.546875 0.08125 0.2109375
6 0.928125 0.546875 0.0359375 0.128125
6 0.8390625 0.54765625 0.0296875 0.14140625
7 0.29921875 0.546875 0.4484375 0.903125
7 0.9125 0.55234375 0.11015625 0.15078125
7 0.98125 0.56328125 0.034375 0.0953125
0 0.8375 0.58203125 0.04375 0.109375