5 0.10390625 0.465625 0.1734375 0.30234375
3 0.434375 0.4984375 0.0203125 0.0421875
6 0.584375 0.50078125 0.04296875 0.15390625
2 0.4765625 0.51640625 0.07265625 0.11484375
3 0.37421875 0.52265625 0.08671875 0.17265625
5 0.2875 0.52734375 0.08359375 0.14609375
3 0.04765625 0.53359375 0.09453125 0.325
6 0.68125 0.53359375 0.02109375 0.084375
6 0.5578125 0.5359375 0.0265625 0.14140625
7 0.2296875 0.54140625 0.1515625 0.38046875
6 0.79765625 0.5515625 0.02421875 0.11015625
0 0.67890625 0.553125 0.02734375 0.0609375
6 0.8484375 0.565625 0.0546875 0.165625
6 0.95546875 0.57109375 0.04140625 0.15546875
5 0.77890625 0.571875 0.06796875 0.096875
7 0.93359375 0.57734375 0.10390625 0.18828125
4 0.84140625 0.6015625 0.0765625 0.14921875