6 0.67109375 0.65078125 0.0234375 0.08515625
6 0.9046875 0.65078125 0.01171875 0.021875
6 0.496875 0.65703125 0.02734375 0.10703125
2 0.93984375 0.659375 0.02109375 0.03671875
3 0.96640625 0.66171875 0.021875 0.04140625
2 0.91953125 0.6625 0.0265625 0.04375
6 0.334375 0.6640625 0.03515625 0.16640625
4 0.9046875 0.6640625 0.015625 0.025
6 0.2984375 0.66953125 0.04765625 0.15
3 0.86484375 0.675 0.0515625 0.109375
0 0.66953125 0.7078125 0.0359375 0.084375
2 0.765625 0.72421875 0.21015625 0.28359375