6 0.05 0.45859375 0.02578125 0.10078125
6 0.15078125 0.46171875 0.0328125 0.146875
3 0.30234375 0.465625 0.025 0.03828125
6 0.321875 0.465625 0.0140625 0.04296875
6 0.1859375 0.4734375 0.04453125 0.1640625
6 0.3140625 0.47421875 0.0109375 0.059375
7 0.3203125 0.47890625 0.03359375 0.071875
3 0.4390625 0.47890625 0.0234375 0.03828125
6 0.14609375 0.48359375 0.04921875 0.20546875
2 0.0953125 0.48359375 0.190625 0.16796875
2 0.4015625 0.50078125 0.07109375 0.13515625
7 0.165625 0.51171875 0.1109375 0.2546875
7 0.23828125 0.52890625 0.11953125 0.30625
2 0.8703125 0.54609375 0.11015625 0.1203125
2 0.940625 0.5546875 0.08671875 0.121875
2 0.96875 0.57265625 0.059375 0.1421875