6 0.665625 0.5078125 0.01171875 0.0703125
2 0.51484375 0.50859375 0.0171875 0.03125
2 0.54140625 0.509375 0.01640625 0.02265625
3 0.5375 0.51015625 0.01328125 0.03125
6 0.58046875 0.5125 0.0078125 0.03671875
0 0.56171875 0.5125 0.0078125 0.03515625
6 0.13515625 0.5171875 0.01484375 0.06484375
2 0.38046875 0.53125 0.084375 0.125
0 0.1328125 0.53671875 0.02578125 0.046875
6 0.0375 0.53671875 0.04453125 0.11484375
2 0.4078125 0.5453125 0.11953125 0.16484375
0 0.040625 0.57578125 0.0546875 0.08671875