2 0.26171875 0.490625 0.11484375 0.1234375
2 0.1046875 0.49140625 0.17578125 0.2
2 0.38984375 0.496875 0.07421875 0.0953125
6 0.2578125 0.5 0.0484375 0.228125
6 0.43828125 0.503125 0.02890625 0.11171875
2 0.490625 0.5046875 0.0609375 0.11328125
6 0.0625 0.5078125 0.06171875 0.32890625
7 0.5765625 0.5109375 0.02109375 0.06171875
2 0.53984375 0.51171875 0.059375 0.071875
6 0.5875 0.51171875 0.00703125 0.0484375
7 0.21953125 0.5125 0.11875 0.3140625
2 0.59140625 0.51328125 0.02890625 0.0390625
6 0.59375 0.51328125 0.00703125 0.040625
2 0.6265625 0.5140625 0.04296875 0.03203125
6 0.63984375 0.51640625 0.00546875 0.028125
6 0.65078125 0.51875 0.0078125 0.03125
0 0.13046875 0.5359375 0.059375 0.1109375
7 0.05703125 0.54140625 0.1140625 0.39375
0 0.43984375 0.5453125 0.01875 0.07421875