1 0.49765625 0.48984375 0.05625 0.090625
2 0.7015625 0.49296875 0.0453125 0.075
7 0.64609375 0.5015625 0.02890625 0.0765625
2 0.43515625 0.50390625 0.05390625 0.084375
3 0.603125 0.50625 0.0390625 0.08203125
7 0.5625 0.50625 0.04453125 0.121875
6 0.32421875 0.51953125 0.02109375 0.090625
6 0.3328125 0.52734375 0.0375 0.096875
5 0.27578125 0.52890625 0.0625 0.09609375
6 0.0671875 0.55546875 0.03515625 0.11796875
7 0.0828125 0.55703125 0.08359375 0.16796875
6 0.04140625 0.56796875 0.03203125 0.14609375
2 0.17421875 0.58515625 0.24609375 0.21640625