2 0.45078125 0.50703125 0.04296875 0.078125
6 0.59140625 0.51640625 0.00859375 0.03671875
6 0.50390625 0.51875 0.01171875 0.08046875
2 0.3328125 0.52109375 0.26484375 0.434375
7 0.5609375 0.52421875 0.01796875 0.06015625
5 0.18046875 0.528125 0.08671875 0.1046875
6 0.61484375 0.53359375 0.01171875 0.0546875
6 0.10859375 0.5359375 0.05546875 0.30390625
6 0.69453125 0.54140625 0.02890625 0.1109375
6 0.65859375 0.5484375 0.0171875 0.07578125
6 0.8375 0.54921875 0.03671875 0.14609375
6 0.72265625 0.5546875 0.02109375 0.10546875
6 0.990625 0.559375 0.01796875 0.13359375
6 0.771875 0.56875 0.01484375 0.08203125
6 0.95078125 0.57109375 0.02578125 0.1265625
6 0.87109375 0.571875 0.04140625 0.20078125
6 0.96640625 0.571875 0.01875 0.128125
7 0.846875 0.58203125 0.1046875 0.228125