1 0.92734375 0.7703125 0.14453125 0.28671875
6 0.5578125 0.79609375 0.01640625 0.07109375
6 0.01328125 0.79609375 0.01328125 0.05546875
6 0.42578125 0.796875 0.0125 0.040625
2 0.1171875 0.7984375 0.01796875 0.028125
2 0.58046875 0.79921875 0.0828125 0.059375
6 0.0046875 0.8 0.00859375 0.05703125
2 0.140625 0.80078125 0.01796875 0.03203125
6 0.440625 0.8015625 0.01171875 0.05390625
7 0.0734375 0.80546875 0.01953125 0.04140625
4 0.4265625 0.80859375 0.01484375 0.03203125
2 0.75 0.81015625 0.0703125 0.0484375
2 0.3609375 0.8109375 0.04921875 0.05390625
2 0.2359375 0.81328125 0.05234375 0.09140625
6 0.0375 0.81875 0.034375 0.1109375
0 0.0359375 0.84296875 0.03203125 0.08828125
2 0.2 0.85 0.11171875 0.16484375