6 0.1796875 0.48203125 0.01171875 0.0609375
6 0.10703125 0.48671875 0.01796875 0.09609375
7 0.0203125 0.4875 0.040625 0.125
6 0.30546875 0.49453125 0.0125 0.06015625
6 0.2 0.4984375 0.02265625 0.09921875
7 0.3015625 0.4984375 0.05390625 0.06953125
6 0.14453125 0.50078125 0.0171875 0.10859375
7 0.20234375 0.50078125 0.08359375 0.1
6 0.36875 0.503125 0.01640625 0.071875
1 0.765625 0.5046875 0.16796875 0.19609375
7 0.36171875 0.50625 0.06171875 0.08203125
7 0.26171875 0.51015625 0.06328125 0.13515625
6 0.4515625 0.5125 0.015625 0.06171875
6 0.12421875 0.5140625 0.034375 0.16171875
6 0.39296875 0.515625 0.02734375 0.1453125
6 0.4140625 0.5203125 0.02578125 0.1296875
6 0.2765625 0.521875 0.04765625 0.1734375
2 0.56640625 0.52421875 0.10546875 0.08984375
3 0.55 0.52578125 0.059375 0.0890625
0 0.4484375 0.5265625 0.03671875 0.04375
2 0.61796875 0.54296875 0.090625 0.08515625
6 0.65546875 0.55234375 0.03984375 0.18203125
6 0.675 0.58125 0.02265625 0.1296875