1 0.659375 0.49375 0.0796875 0.07109375
6 0.71640625 0.5015625 0.00625 0.03046875
6 0.41171875 0.50390625 0.00625 0.0328125
6 0.42109375 0.50390625 0.00625 0.0328125
6 0.38828125 0.5046875 0.0078125 0.04765625
6 0.39609375 0.50625 0.0109375 0.05078125
4 0.20078125 0.50625 0.03359375 0.084375
7 0.39765625 0.5109375 0.02109375 0.05859375
2 0.9609375 0.51328125 0.075 0.0921875
2 0.5703125 0.51953125 0.065625 0.109375
2 0.6921875 0.521875 0.05 0.053125
2 0.45625 0.521875 0.071875 0.1140625
4 0.53359375 0.5265625 0.0328125 0.11796875