6 0.9640625 0.46640625 0.0484375 0.128125
4 0.96171875 0.48125 0.0734375 0.121875
1 0.55 0.50078125 0.02421875 0.04375
6 0.62109375 0.5015625 0.00546875 0.01953125
6 0.61328125 0.50234375 0.00546875 0.01796875
1 0.57265625 0.503125 0.01796875 0.04140625
6 0.6015625 0.50859375 0.0046875 0.01953125
6 0.5953125 0.509375 0.00390625 0.01953125
2 0.58125 0.5125 0.0125 0.01796875
3 0.55546875 0.5140625 0.01953125 0.0390625
2 0.528125 0.51640625 0.01796875 0.02578125
2 0.2265625 0.5875 0.36484375 0.44453125