6 0.31796875 0.83046875 0.01796875 0.05078125
7 0.36640625 0.83203125 0.0375 0.08359375
6 0.2984375 0.8328125 0.0171875 0.06171875
2 0.1359375 0.83359375 0.05078125 0.06953125
3 0.2609375 0.834375 0.0421875 0.07109375
6 0.37109375 0.8359375 0.01796875 0.084375
2 0.1921875 0.83671875 0.0640625 0.06171875
2 0.25546875 0.83671875 0.053125 0.05546875
6 0.4703125 0.83671875 0.01484375 0.07421875
4 0.31796875 0.8390625 0.021875 0.04609375
6 0.44453125 0.8390625 0.021875 0.06484375
4 0.30234375 0.83984375 0.01796875 0.04453125
0 0.44453125 0.853125 0.04296875 0.05546875
2 0.6921875 0.859375 0.4890625 0.28046875
2 0.90625 0.878125 0.184375 0.240625