6 0.1578125 0.64375 0.01328125 0.053125
6 0.0484375 0.64453125 0.025 0.08515625
6 0.1140625 0.6453125 0.028125 0.0984375
7 0.14140625 0.64609375 0.040625 0.0859375
6 0.09140625 0.6484375 0.02265625 0.0890625
6 0.06875 0.65546875 0.025 0.10546875
2 0.79296875 0.65859375 0.05 0.09140625
3 0.74609375 0.665625 0.04375 0.0796875
6 0.80703125 0.671875 0.03515625 0.1234375
6 0.83671875 0.675 0.034375 0.12578125
4 0.0546875 0.68515625 0.06328125 0.08515625
4 0.11953125 0.68515625 0.0890625 0.08515625
3 0.9109375 0.6921875 0.09375 0.14375
4 0.82890625 0.7171875 0.0734375 0.096875
2 0.97109375 0.740625 0.0546875 0.203125
2 0.45703125 0.74765625 0.59296875 0.49921875