6 0.2484375 0.4984375 0.13203125 0.60625
7 0.803125 0.51875 0.046875 0.12109375
7 0.89609375 0.52109375 0.06015625 0.16328125
6 0.37578125 0.53203125 0.02578125 0.115625
6 0.8515625 0.53359375 0.02890625 0.13671875
3 0.4390625 0.5390625 0.071875 0.10390625
7 0.37734375 0.53984375 0.040625 0.12578125
6 0.4953125 0.54375 0.02734375 0.10859375
3 0.31015625 0.55078125 0.04453125 0.0953125
6 0.225 0.55078125 0.05546875 0.290625
2 0.028125 0.5578125 0.05546875 0.38984375
7 0.25703125 0.5609375 0.12890625 0.353125
2 0.159375 0.56875 0.26953125 0.2765625
6 0.971875 0.60390625 0.053125 0.5359375
7 0.64140625 0.62265625 0.23203125 0.59375