2 0.1359375 0.4734375 0.134375 0.17109375
6 0.3765625 0.4984375 0.01171875 0.04453125
6 0.38515625 0.50234375 0.00859375 0.040625
6 0.43515625 0.50546875 0.00546875 0.02734375
2 0.490625 0.50546875 0.01796875 0.03359375
2 0.46640625 0.50703125 0.01484375 0.02265625
3 0.46875 0.50703125 0.0125 0.02734375
0 0.44921875 0.50703125 0.0078125 0.02734375
6 0.09921875 0.5125 0.06171875 0.209375
4 0.71015625 0.5171875 0.0171875 0.0515625
2 0.60859375 0.521875 0.06640625 0.109375
6 0.15 0.52265625 0.040625 0.20703125
2 0.55625 0.53203125 0.0953125 0.1421875