1 0.8578125 0.54375 0.0421875 0.06171875
1 0.80859375 0.54609375 0.0578125 0.096875
6 0.99453125 0.54765625 0.0078125 0.0578125
2 0.9578125 0.5515625 0.0765625 0.05078125
2 0.90625 0.5609375 0.0328125 0.0625
4 0.859375 0.5640625 0.01171875 0.03984375
7 0.76328125 0.565625 0.0171875 0.03984375
6 0.2390625 0.56640625 0.05234375 0.16953125
4 0.8453125 0.5703125 0.0171875 0.059375
6 0.27421875 0.58203125 0.0375 0.16640625
2 0.940625 0.59765625 0.08359375 0.1109375
7 0.24296875 0.62265625 0.146875 0.225
2 0.1578125 0.7140625 0.315625 0.484375
2 0.55 0.734375 0.4453125 0.51171875