6 0.02109375 0.80234375 0.00625 0.03984375
6 0.2984375 0.80546875 0.0109375 0.04609375
6 0.0125 0.80625 0.01328125 0.04375
6 0.35 0.8140625 0.01328125 0.05390625
6 0.14609375 0.81484375 0.021875 0.071875
6 0.27890625 0.815625 0.01875 0.06484375
3 0.32734375 0.81796875 0.03359375 0.06015625
6 0.36328125 0.81796875 0.0171875 0.0546875
0 0.01015625 0.81875 0.0125 0.03125
2 0.21875 0.81953125 0.0421875 0.0546875
2 0.26796875 0.821875 0.05 0.05078125
4 0.3515625 0.8234375 0.01328125 0.03828125
2 0.325 0.82421875 0.04609375 0.05
4 0.365625 0.82578125 0.01796875 0.0390625
2 0.7484375 0.8296875 0.5 0.3375
0 0.2796875 0.83046875 0.0453125 0.0484375
6 0.43671875 0.8359375 0.04375 0.17421875
2 0.553125 0.84921875 0.16875 0.2984375
0 0.42421875 0.87734375 0.103125 0.125