6 0.94765625 0.48359375 0.04140625 0.14609375
2 0.65390625 0.496875 0.07734375 0.0890625
6 0.7421875 0.4984375 0.02890625 0.140625
2 0.73984375 0.50078125 0.09453125 0.121875
2 0.56875 0.5015625 0.05625 0.06875
6 0.65 0.50390625 0.0296875 0.13046875
5 0.53515625 0.509375 0.02734375 0.05
6 0.54140625 0.5109375 0.01953125 0.09609375
2 0.39609375 0.51171875 0.01953125 0.040625
7 0.66875 0.5140625 0.06328125 0.18203125
7 0.43203125 0.515625 0.01953125 0.0546875
6 0.4078125 0.515625 0.0078125 0.03828125
6 0.403125 0.515625 0.00703125 0.034375
7 0.7703125 0.521875 0.08984375 0.19140625
0 0.69921875 0.5265625 0.0546875 0.071875
0 0.54375 0.54140625 0.0171875 0.05703125