2 0.3828125 0.49609375 0.034375 0.0546875
6 0.63203125 0.49921875 0.0078125 0.0359375
6 0.64609375 0.5 0.01015625 0.04453125
5 0.59609375 0.50234375 0.01875 0.040625
6 0.765625 0.50234375 0.02890625 0.13828125
6 0.61484375 0.50390625 0.0078125 0.03984375
6 0.73984375 0.50859375 0.01640625 0.10078125
3 0.46796875 0.5171875 0.04140625 0.0609375
2 0.525 0.52265625 0.08046875 0.16328125
4 0.790625 0.52578125 0.03515625 0.07734375
6 0.1546875 0.52578125 0.01640625 0.084375
4 0.5625 0.5828125 0.08046875 0.28828125