5 0.39296875 0.496875 0.01640625 0.03828125
5 0.35 0.50234375 0.02578125 0.0578125
6 0.21875 0.50546875 0.0421875 0.15
2 0.43515625 0.5171875 0.0796875 0.12734375
6 0.06015625 0.5296875 0.10390625 0.525
7 0.6265625 0.5328125 0.03359375 0.09140625
0 0.2171875 0.54140625 0.0390625 0.1078125
7 0.71875 0.54765625 0.0609375 0.13359375
6 0.8890625 0.56953125 0.03515625 0.16171875
4 0.95078125 0.5796875 0.05859375 0.10390625
7 0.0578125 0.584375 0.115625 0.64375
6 0.91953125 0.5890625 0.04609375 0.1796875
3 0.7921875 0.59296875 0.12734375 0.23828125
7 0.89375 0.6 0.11015625 0.21328125