6 0.95546875 0.7875 0.00703125 0.03203125
6 0.91796875 0.79453125 0.01953125 0.05390625
6 0.89296875 0.79609375 0.01171875 0.0453125
6 0.99375 0.79609375 0.009375 0.0578125
6 0.98359375 0.7984375 0.01953125 0.06015625
2 0.8953125 0.80078125 0.03203125 0.03203125
6 0.75 0.803125 0.01640625 0.06640625
6 0.70625 0.8046875 0.00859375 0.05
6 0.67890625 0.80546875 0.028125 0.109375
2 0.78046875 0.80625 0.040625 0.05390625
2 0.73046875 0.80703125 0.04140625 0.04921875
0 0.89296875 0.8078125 0.0125 0.034375
0 0.92109375 0.81171875 0.02421875 0.040625
2 0.221875 0.82734375 0.440625 0.3421875
2 0.52265625 0.82890625 0.32109375 0.34140625
0 0.68125 0.8296875 0.071875 0.0796875
6 0.7875 0.83125 0.06328125 0.18359375