6 0.61796875 0.51484375 0.04765625 0.16328125
6 0.47734375 0.5171875 0.01875 0.109375
6 0.6625 0.51875 0.01796875 0.09140625
6 0.61015625 0.5296875 0.02890625 0.1296875
6 0.59375 0.534375 0.03515625 0.16484375
6 0.5671875 0.54765625 0.028125 0.1421875
6 0.53984375 0.5515625 0.03984375 0.14921875
5 0.46640625 0.5546875 0.06875 0.1109375
5 0.6296875 0.56328125 0.059375 0.1046875
6 0.76015625 0.565625 0.09609375 0.40546875
2 0.38046875 0.58515625 0.18046875 0.27890625
4 0.0234375 0.596875 0.0421875 0.0828125