6 0.50234375 0.478125 0.05234375 0.23671875
6 0.7171875 0.48671875 0.01328125 0.075
6 0.69296875 0.4890625 0.0125 0.06953125
6 0.67734375 0.49375 0.0140625 0.07578125
2 0.63125 0.509375 0.06015625 0.1015625
2 0.48125 0.51875 0.04453125 0.08828125
6 0.30234375 0.5265625 0.0203125 0.08125
2 0.40546875 0.53046875 0.12265625 0.2046875
5 0.321875 0.53203125 0.0296875 0.06328125
6 0.13671875 0.53671875 0.01484375 0.08203125
5 0.66640625 0.53984375 0.0578125 0.078125
2 0.24375 0.54140625 0.084375 0.078125
6 0.17578125 0.5484375 0.02421875 0.14921875
5 0.70546875 0.5515625 0.08046875 0.10078125
7 0.54140625 0.56328125 0.16328125 0.45625
3 0.05625 0.575 0.109375 0.246875
6 0.71328125 0.57421875 0.03671875 0.0953125
2 0.87109375 0.61875 0.2546875 0.7625