6 0.87578125 0.459375 0.01875 0.075
6 0.8640625 0.4640625 0.01640625 0.06015625
6 0.05625 0.46484375 0.02265625 0.08125
2 0.96171875 0.46796875 0.07578125 0.20078125
6 0.4234375 0.4890625 0.01640625 0.08046875
6 0.28515625 0.4984375 0.0125 0.08203125
6 0.25625 0.50078125 0.01171875 0.084375
6 0.49453125 0.50390625 0.03984375 0.2
3 0.5453125 0.5046875 0.10078125 0.11875
2 0.69453125 0.51484375 0.290625 0.43671875
6 0.26484375 0.515625 0.01640625 0.0890625
3 0.3484375 0.51875 0.1140625 0.128125
6 0.24765625 0.5265625 0.0203125 0.11015625
3 0.15234375 0.5359375 0.11796875 0.1296875
6 0.0875 0.5390625 0.02578125 0.13125