6 0.2265625 0.625 0.0078125 0.0359375
2 0.08671875 0.63125 0.04375 0.06328125
0 0.21484375 0.63359375 0.01015625 0.046875
3 0.1765625 0.63359375 0.03984375 0.0734375
2 0.03515625 0.63515625 0.0671875 0.0953125
2 0.27421875 0.63515625 0.0484375 0.06875
1 0.93671875 0.63828125 0.1234375 0.4484375
6 0.83671875 0.68515625 0.02890625 0.1328125
3 0.596875 0.696875 0.11015625 0.171875
6 0.69453125 0.69765625 0.05703125 0.14140625
2 0.44609375 0.72734375 0.3453125 0.36484375
0 0.69765625 0.734375 0.0609375 0.115625