6 0.915625 0.79140625 0.0140625 0.05859375
6 0.953125 0.7984375 0.02890625 0.1
2 0.7296875 0.79921875 0.040625 0.07734375
3 0.47734375 0.8 0.0453125 0.08203125
2 0.815625 0.80390625 0.08046875 0.1078125
2 0.3859375 0.80625 0.11953125 0.115625
6 0.8375 0.82578125 0.04921875 0.16640625
6 0.88203125 0.83046875 0.04453125 0.19140625
6 0.5140625 0.8328125 0.053125 0.18046875
7 0.98203125 0.83828125 0.0328125 0.2296875
6 0.334375 0.85625 0.0609375 0.21328125
0 0.83671875 0.85859375 0.04609375 0.1375
2 0.6375 0.865625 0.225 0.265625
0 0.88125 0.87109375 0.04296875 0.134375
4 0.51484375 0.878125 0.07421875 0.1546875