3 0.14375 0.4765625 0.02890625 0.0703125
7 0.21875 0.48203125 0.0296875 0.0734375
3 0.24921875 0.49453125 0.04453125 0.09296875
6 0.4125 0.496875 0.01640625 0.0765625
6 0.290625 0.50390625 0.04609375 0.21171875
5 0.39296875 0.51015625 0.03203125 0.071875
6 0.43359375 0.5140625 0.01875 0.0984375
7 0.41953125 0.5171875 0.0546875 0.1046875
5 0.44765625 0.51796875 0.053125 0.0890625
6 0.525 0.5265625 0.02265625 0.1203125
6 0.57890625 0.53671875 0.02109375 0.109375
7 0.6109375 0.54375 0.0671875 0.140625
4 0.5234375 0.5484375 0.03828125 0.06796875
6 0.6390625 0.553125 0.02109375 0.11953125
7 0.68046875 0.55546875 0.075 0.1546875
6 0.85234375 0.55625 0.04921875 0.12578125
5 0.29375 0.55625 0.09609375 0.17578125
6 0.86640625 0.5578125 0.05078125 0.1234375
6 0.7796875 0.56328125 0.02578125 0.15078125
6 0.734375 0.56796875 0.0296875 0.103125
6 0.80625 0.58671875 0.0390625 0.165625
6 0.90078125 0.58984375 0.03984375 0.16328125
6 0.96015625 0.60625 0.05390625 0.2265625