6 0.58828125 0.496875 0.00625 0.0265625
6 0.615625 0.5 0.00703125 0.046875
6 0.58046875 0.50078125 0.00625 0.02890625
2 0.515625 0.50234375 0.0234375 0.04140625
0 0.565625 0.5046875 0.009375 0.04296875
2 0.37734375 0.509375 0.03515625 0.0390625
6 0.30625 0.51484375 0.0234375 0.07109375
2 0.5140625 0.5171875 0.0359375 0.0546875
2 0.6640625 0.51796875 0.11953125 0.0671875
6 0.6484375 0.51953125 0.02578125 0.11484375
7 0.32109375 0.52578125 0.06796875 0.09140625
2 0.41171875 0.52890625 0.08671875 0.1390625