5 0.51484375 0.503125 0.0109375 0.03125
4 0.521875 0.50625 0.00625 0.0234375
4 0.49765625 0.50625 0.0046875 0.01640625
2 0.49140625 0.50703125 0.00859375 0.01328125
6 0.69296875 0.50703125 0.0171875 0.08515625
6 0.6671875 0.5078125 0.0203125 0.0796875
6 0.63671875 0.51171875 0.01015625 0.04296875
6 0.63046875 0.5125 0.0109375 0.04453125
2 0.47421875 0.51328125 0.01796875 0.03046875
6 0.37734375 0.56171875 0.09453125 0.303125
2 0.38046875 0.57109375 0.13125 0.19453125
4 0.38515625 0.63984375 0.11875 0.26796875