2 0.090625 0.496875 0.18125 0.25625
5 0.36953125 0.49921875 0.06328125 0.115625
2 0.32578125 0.5015625 0.11953125 0.13671875
2 0.43203125 0.50546875 0.07578125 0.09453125
2 0.465625 0.50546875 0.05234375 0.08359375
5 0.4109375 0.50703125 0.04921875 0.10078125
6 0.43125 0.51640625 0.03515625 0.153125
5 0.66328125 0.51875 0.02265625 0.03828125
2 0.51953125 0.5203125 0.09609375 0.14453125
6 0.10703125 0.52109375 0.10078125 0.31484375
6 0.65390625 0.525 0.00859375 0.03125
6 0.69921875 0.52890625 0.01640625 0.0609375
6 0.72265625 0.534375 0.01640625 0.05546875
3 0.60078125 0.55390625 0.10390625 0.21875
6 0.8234375 0.55703125 0.03828125 0.184375
0 0.43125 0.565625 0.03515625 0.109375