2 0.8765625 0.796875 0.01171875 0.02265625
3 0.9 0.80234375 0.0109375 0.02109375
6 0.9625 0.803125 0.01953125 0.0640625
0 0.9328125 0.80390625 0.00859375 0.03125
3 0.88984375 0.80390625 0.0125 0.0265625
0 0.946875 0.8046875 0.009375 0.0328125
2 0.115625 0.80703125 0.228125 0.3828125
2 0.8625 0.81015625 0.0328125 0.04140625
2 0.70078125 0.8171875 0.07890625 0.1015625
0 0.9625 0.82109375 0.01953125 0.04609375
1 0.5390625 0.8234375 0.05703125 0.0734375
1 0.42734375 0.82578125 0.08984375 0.1015625
2 0.33203125 0.85859375 0.084375 0.09296875
2 0.2546875 0.87109375 0.08359375 0.0765625
2 0.765625 0.8734375 0.175 0.25