1 0.21484375 0.52890625 0.1515625 0.16484375
1 0.065625 0.5421875 0.0421875 0.065625
2 0.00625 0.55 0.009375 0.01875
2 0.03203125 0.5625 0.04140625 0.0640625
7 0.53515625 0.571875 0.05546875 0.07578125
4 0.08671875 0.57265625 0.01796875 0.06171875
4 0.121875 0.5734375 0.01640625 0.05859375
2 0.0375 0.58828125 0.0734375 0.0953125
7 0.775 0.61171875 0.08828125 0.14296875
6 0.58984375 0.61796875 0.03046875 0.15546875
6 0.75546875 0.61953125 0.0328125 0.12890625
2 0.3203125 0.71484375 0.3765625 0.478125
2 0.821875 0.728125 0.353125 0.54375