6 0.984375 0.4859375 0.03046875 0.1703125
6 0.9375 0.49140625 0.0390625 0.19296875
6 0.21640625 0.49921875 0.04375 0.19140625
7 0.7015625 0.5 0.04453125 0.128125
6 0.24765625 0.5015625 0.05703125 0.20078125
2 0.21796875 0.52421875 0.22109375 0.26640625
6 0.19453125 0.5359375 0.06953125 0.28984375
2 0.41015625 0.5453125 0.12265625 0.1609375
6 0.35234375 0.55234375 0.059375 0.30078125
6 0.82734375 0.55546875 0.08046875 0.453125
2 0.85625 0.56171875 0.284375 0.3015625
6 0.03125 0.57265625 0.04296875 0.1953125
6 0.103125 0.57890625 0.05546875 0.2484375
7 0.51171875 0.60703125 0.2265625 0.578125
4 0.090625 0.621875 0.11484375 0.1890625