1 0.4890625 0.61171875 0.2375 0.21640625
2 0.1546875 0.61953125 0.02109375 0.03515625
2 0.10625 0.63125 0.05234375 0.06796875
3 0.1859375 0.6328125 0.04140625 0.0734375
2 0.0390625 0.6375 0.075 0.103125
6 0.63828125 0.6546875 0.0203125 0.09921875
3 0.50859375 0.66953125 0.08984375 0.14375
6 0.76953125 0.6703125 0.021875 0.11796875
6 0.671875 0.67109375 0.02578125 0.0671875
6 0.796875 0.671875 0.02265625 0.13203125
6 0.73125 0.67578125 0.0265625 0.10546875
2 0.3484375 0.6890625 0.240625 0.26328125
6 0.8390625 0.68984375 0.02578125 0.08828125
6 0.70625 0.6921875 0.01796875 0.12265625
6 0.92578125 0.72265625 0.0375 0.17890625
4 0.93203125 0.7484375 0.103125 0.12890625