2 0.75859375 0.49609375 0.12734375 0.11953125
1 0.53671875 0.5078125 0.04765625 0.075
1 0.65546875 0.50859375 0.01328125 0.03359375
4 0.984375 0.51015625 0.028125 0.0765625
4 0.6375 0.515625 0.00703125 0.01875
7 0.8390625 0.51640625 0.07265625 0.1734375
3 0.6671875 0.5171875 0.01328125 0.0265625
6 0.49609375 0.5234375 0.02265625 0.07578125
6 0.4765625 0.52421875 0.0140625 0.05625
2 0.53515625 0.52421875 0.04296875 0.0640625
6 0.471875 0.52890625 0.0171875 0.0640625
6 0.42109375 0.534375 0.028125 0.12421875
4 0.4953125 0.54140625 0.0265625 0.065625
4 0.47265625 0.54140625 0.01953125 0.05546875
2 0.390625 0.5515625 0.05859375 0.0796875
6 0.25 0.5515625 0.04140625 0.1390625
3 0.325 0.55546875 0.06953125 0.12109375
7 0.271875 0.55703125 0.10859375 0.15546875
6 0.20234375 0.56328125 0.03671875 0.12109375
0 0.41953125 0.5734375 0.0875 0.08046875
3 0.09921875 0.584375 0.1390625 0.15546875
0 0.2046875 0.5921875 0.071875 0.096875
2 0.0234375 0.61796875 0.04375 0.1609375