6 0.97890625 0.80234375 0.00625 0.03984375
6 0.7015625 0.80546875 0.0109375 0.04609375
6 0.9875 0.80625 0.01328125 0.04375
6 0.65 0.8140625 0.01328125 0.05390625
6 0.85390625 0.81484375 0.021875 0.071875
6 0.72109375 0.815625 0.01875 0.06484375
3 0.67265625 0.81796875 0.03359375 0.06015625
6 0.63671875 0.81796875 0.0171875 0.0546875
0 0.98984375 0.81875 0.0125 0.03125
2 0.78125 0.81953125 0.0421875 0.0546875
2 0.73203125 0.821875 0.05 0.05078125
4 0.6484375 0.8234375 0.01328125 0.03828125
2 0.675 0.82421875 0.04609375 0.05
4 0.634375 0.82578125 0.01796875 0.0390625
2 0.2515625 0.8296875 0.5 0.3375
0 0.7203125 0.83046875 0.0453125 0.0484375
6 0.56328125 0.8359375 0.04375 0.17421875
2 0.446875 0.84921875 0.16875 0.2984375
0 0.57578125 0.87734375 0.103125 0.125