4 0.01953125 0.59140625 0.01015625 0.03671875
2 0.06484375 0.59453125 0.01640625 0.02109375
3 0.08125 0.5953125 0.0140625 0.02578125
6 0.35390625 0.6125 0.01328125 0.05234375
6 0.3734375 0.61328125 0.0125 0.05390625
3 0.28515625 0.62890625 0.0421875 0.07734375
5 0.425 0.64140625 0.0359375 0.05234375
5 0.459375 0.646875 0.04140625 0.04609375
6 0.665625 0.65703125 0.021875 0.1
5 0.55390625 0.66015625 0.07109375 0.06484375
5 0.70234375 0.6734375 0.11015625 0.07421875
5 0.61796875 0.67578125 0.08671875 0.059375
2 0.1640625 0.68359375 0.2125 0.246875
5 0.70078125 0.68984375 0.1203125 0.07421875