3 0.95234375 0.66015625 0.0125 0.02890625
2 0.934375 0.6625 0.01796875 0.0296875
6 0.89453125 0.66328125 0.01015625 0.02734375
3 0.96328125 0.66484375 0.02109375 0.0375
2 0.9171875 0.66640625 0.02578125 0.03828125
3 0.8578125 0.6734375 0.0484375 0.11015625
2 0.99296875 0.67421875 0.0109375 0.0578125
6 0.359375 0.70546875 0.07890625 0.259375
2 0.76640625 0.7078125 0.2078125 0.3125
6 0.103125 0.75078125 0.20546875 0.49765625
0 0.346875 0.7796875 0.12109375 0.20859375
4 0.12578125 0.82890625 0.2515625 0.340625