1 0.85703125 0.434375 0.16953125 0.22890625
1 0.75546875 0.4453125 0.05 0.1265625
4 0.6890625 0.48671875 0.009375 0.03203125
3 0.678125 0.48828125 0.01484375 0.0375
2 0.61953125 0.49140625 0.01953125 0.040625
2 0.66796875 0.4953125 0.03125 0.04453125
2 0.63671875 0.5015625 0.04296875 0.05546875
2 0.4265625 0.515625 0.04375 0.06328125
3 0.95234375 0.5171875 0.0921875 0.290625
2 0.48359375 0.52265625 0.03359375 0.05703125
3 0.39453125 0.5359375 0.02890625 0.046875
2 0.31171875 0.56875 0.11875 0.11953125
6 0.09609375 0.59921875 0.040625 0.12265625
0 0.0953125 0.6265625 0.0453125 0.0984375