1 0.28359375 0.55390625 0.1828125 0.2453125
1 0.053125 0.56640625 0.03984375 0.065625
6 0.53046875 0.56875 0.02265625 0.11484375
1 0.1125 0.56953125 0.04296875 0.06171875
6 0.62890625 0.57265625 0.04765625 0.14375
2 0.00859375 0.57890625 0.015625 0.0359375
2 0.04140625 0.58046875 0.0328125 0.0578125
2 0.14765625 0.61640625 0.12109375 0.11796875
6 0.56484375 0.621875 0.03046875 0.146875
6 0.625 0.6296875 0.05078125 0.18515625
4 0.5453125 0.65 0.075 0.096875
4 0.6296875 0.665625 0.0671875 0.11328125
2 0.79765625 0.715625 0.4046875 0.565625
2 0.28203125 0.7203125 0.3328125 0.4359375