1 0.67265625 0.49296875 0.06875 0.09921875
6 0.834375 0.4953125 0.01796875 0.0609375
6 0.73203125 0.5125 0.0109375 0.0578125
0 0.65 0.51484375 0.01171875 0.0484375
3 0.68046875 0.515625 0.03515625 0.0640625
4 0.74921875 0.515625 0.02265625 0.04921875
2 0.5046875 0.51640625 0.0125 0.01953125
2 0.53046875 0.52109375 0.0296875 0.04140625
2 0.4875 0.525 0.03359375 0.04921875
2 0.43984375 0.53515625 0.0859375 0.14375
2 0.571875 0.5359375 0.07890625 0.1046875
6 0.071875 0.5875 0.02890625 0.1296875
2 0.9109375 0.590625 0.17734375 0.34296875