1 0.0125 0.4203125 0.025 0.2890625
3 0.1203125 0.47421875 0.0875 0.13359375
3 0.28359375 0.478125 0.03515625 0.05859375
2 0.359375 0.4890625 0.04140625 0.0515625
2 0.43203125 0.49453125 0.04453125 0.06484375
1 0.6140625 0.5 0.04140625 0.053125
2 0.64453125 0.50390625 0.03984375 0.0578125
2 0.49921875 0.5046875 0.04375 0.06328125
2 0.51484375 0.50703125 0.06796875 0.125
2 0.39609375 0.51484375 0.07578125 0.109375
6 0.73671875 0.53828125 0.01796875 0.07265625
6 0.93515625 0.5734375 0.02109375 0.084375