1 0.78515625 0.52890625 0.1515625 0.16484375
1 0.934375 0.5421875 0.0421875 0.065625
2 0.99375 0.55 0.009375 0.01875
2 0.96796875 0.5625 0.04140625 0.0640625
7 0.46484375 0.571875 0.05546875 0.07578125
4 0.91328125 0.57265625 0.01796875 0.06171875
4 0.878125 0.5734375 0.01640625 0.05859375
2 0.9625 0.58828125 0.0734375 0.0953125
7 0.225 0.61171875 0.08828125 0.14296875
6 0.41015625 0.61796875 0.03046875 0.15546875
6 0.24453125 0.61953125 0.0328125 0.12890625
2 0.6796875 0.71484375 0.3765625 0.478125
2 0.17734375 0.72734375 0.3546875 0.5421875