1 0.49921875 0.5015625 0.0265625 0.0765625
2 0.5046875 0.51015625 0.0328125 0.05703125
2 0.41796875 0.5140625 0.01640625 0.02734375
2 0.4453125 0.51484375 0.015625 0.021875
2 0.5640625 0.51953125 0.04140625 0.05546875
6 0.58046875 0.51953125 0.0375 0.12109375
2 0.39296875 0.5203125 0.04375 0.0765625
2 0.47578125 0.52734375 0.0703125 0.10390625
2 0.58984375 0.5296875 0.0796875 0.09765625
4 0.58046875 0.53203125 0.04375 0.14609375
2 0.36953125 0.540625 0.0703125 0.0921875
2 0.925 0.5640625 0.14765625 0.26015625
2 0.1296875 0.58359375 0.25390625 0.46171875