2 0.4 0.490625 0.07578125 0.1390625
1 0.6203125 0.49296875 0.05078125 0.09375
2 0.55078125 0.4984375 0.02265625 0.0328125
3 0.4984375 0.5046875 0.03359375 0.06328125
2 0.55859375 0.50859375 0.025 0.03515625
2 0.51953125 0.51328125 0.040625 0.05
2 0.59296875 0.51796875 0.075 0.1203125
4 0.51171875 0.52109375 0.02578125 0.09375
2 0.08046875 0.53203125 0.1609375 0.2453125
2 0.45546875 0.5359375 0.0953125 0.13515625
2 0.66953125 0.5421875 0.165625 0.25
2 0.23671875 0.546875 0.2734375 0.31953125
2 0.8375 0.70390625 0.32421875 0.5875