1 0.0796875 0.74609375 0.13359375 0.13984375
6 0.15390625 0.7953125 0.01328125 0.05078125
2 0.190625 0.7953125 0.04609375 0.0578125
6 0.090625 0.79765625 0.01640625 0.05234375
6 0.2234375 0.7984375 0.01640625 0.05625
6 0.2828125 0.80078125 0.0078125 0.03828125
6 0.290625 0.80078125 0.0078125 0.0359375
6 0.19296875 0.80390625 0.01953125 0.0671875
4 0.1125 0.80546875 0.02265625 0.07265625
2 0.25546875 0.8140625 0.05 0.06640625
4 0.19453125 0.81796875 0.02265625 0.05390625
2 0.5015625 0.86171875 0.34375 0.2734375