1 0.95078125 0.4265625 0.09765625 0.26953125
6 0.76171875 0.46328125 0.01171875 0.04609375
6 0.7890625 0.46953125 0.01328125 0.0546875
3 0.70703125 0.4796875 0.0328125 0.05703125
3 0.84375 0.48046875 0.07578125 0.1140625
0 0.7875 0.4828125 0.0203125 0.03828125
2 0.64453125 0.4890625 0.0453125 0.05078125
2 0.553125 0.4921875 0.0359375 0.0546875
1 0.415625 0.49453125 0.03125 0.04609375
2 0.39609375 0.49921875 0.025 0.05
2 0.49765625 0.503125 0.0421875 0.0578125
2 0.48046875 0.5078125 0.0625 0.1109375
2 0.58125 0.51875 0.0765625 0.1078125
2 0.3296875 0.53203125 0.06015625 0.065625