6 0.4515625 0.49609375 0.01875 0.10234375
3 0.56953125 0.49609375 0.01640625 0.04140625
3 0.55625 0.49765625 0.0203125 0.04765625
6 0.65234375 0.503125 0.02421875 0.1140625
7 0.65546875 0.509375 0.05078125 0.1234375
5 0.7765625 0.5125 0.090625 0.1171875
3 0.80234375 0.5140625 0.096875 0.1796875
3 0.6046875 0.515625 0.06875 0.1390625
7 0.4140625 0.5171875 0.02578125 0.06875
2 0.509375 0.51796875 0.078125 0.12265625
7 0.70078125 0.52421875 0.09765625 0.25078125
6 0.35234375 0.52890625 0.02578125 0.084375
3 0.93671875 0.5296875 0.1234375 0.321875
7 0.32734375 0.5328125 0.028125 0.06953125
6 0.8625 0.53515625 0.0734375 0.284375
5 0.31171875 0.53671875 0.04453125 0.0875
6 0.2984375 0.5390625 0.01875 0.090625
7 0.246875 0.54375 0.046875 0.115625
4 0.353125 0.546875 0.0328125 0.07265625
3 0.03046875 0.59375 0.0578125 0.178125