4 0.9796875 0.596875 0.009375 0.034375
2 0.93671875 0.59765625 0.015625 0.0203125
3 0.921875 0.6 0.01484375 0.025
6 0.67578125 0.61328125 0.0109375 0.05
6 0.65703125 0.61328125 0.00859375 0.04765625
3 0.71875 0.63203125 0.046875 0.0765625
5 0.62109375 0.63828125 0.0296875 0.04921875
6 0.440625 0.63984375 0.01640625 0.07578125
5 0.59296875 0.64296875 0.03125 0.0359375
5 0.52265625 0.65 0.053125 0.05234375
5 0.39921875 0.65859375 0.08359375 0.0609375
5 0.4828125 0.66328125 0.06953125 0.05078125
5 0.4140625 0.67421875 0.08828125 0.06484375
2 0.8125 0.7 0.23203125 0.26640625
5 0.05 0.72109375 0.1 0.10859375