7 0.30546875 0.50234375 0.05703125 0.06953125
7 0.2765625 0.50546875 0.0515625 0.096875
7 0.29296875 0.50546875 0.04921875 0.08125
2 0.45703125 0.521875 0.18359375 0.1140625
7 0.453125 0.5328125 0.09296875 0.25078125
7 0.63671875 0.53984375 0.075 0.19453125
7 0.725 0.540625 0.0515625 0.08125
6 0.19609375 0.54140625 0.13359375 0.58203125
7 0.778125 0.54296875 0.03828125 0.10703125
6 0.85390625 0.57734375 0.12734375 0.64921875
7 0.13515625 0.57890625 0.2703125 0.8390625
0 0.74765625 0.590625 0.04140625 0.12578125
7 0.875 0.6171875 0.246875 0.7625