6 0.9703125 0.46953125 0.0296875 0.1359375
6 0.90390625 0.47734375 0.015625 0.103125
6 0.94765625 0.478125 0.02578125 0.10625
6 0.91640625 0.48515625 0.01640625 0.090625
6 0.8703125 0.4859375 0.0203125 0.10625
6 0.9265625 0.48671875 0.02265625 0.096875
7 0.68359375 0.49296875 0.02109375 0.05078125
7 0.6703125 0.4953125 0.01640625 0.04453125
6 0.64296875 0.4953125 0.0078125 0.03125
6 0.56640625 0.4953125 0.00859375 0.0515625
2 0.628125 0.49609375 0.01796875 0.02578125
6 0.646875 0.496875 0.00546875 0.03515625
6 0.88359375 0.496875 0.02734375 0.121875
6 0.65859375 0.49765625 0.00703125 0.04140625
3 0.7484375 0.503125 0.05546875 0.11171875
3 0.84296875 0.50546875 0.07421875 0.1390625
6 0.49296875 0.50859375 0.01171875 0.07578125
6 0.51953125 0.50859375 0.02109375 0.053125
6 0.534375 0.5109375 0.01015625 0.0765625
6 0.4703125 0.5453125 0.04375 0.18515625
6 0.7296875 0.55625 0.08984375 0.33125
5 0.2984375 0.5640625 0.09453125 0.26484375
5 0.0921875 0.609375 0.18125 0.334375