6 0.1765625 0.49375 0.01484375 0.071875
3 0.4765625 0.4984375 0.01875 0.03671875
2 0.42109375 0.49921875 0.02265625 0.02421875
2 0.5015625 0.50078125 0.02109375 0.03046875
4 0.465625 0.5015625 0.01015625 0.03046875
3 0.34140625 0.50234375 0.03359375 0.059375
2 0.49375 0.50546875 0.02734375 0.04140625
3 0.32265625 0.50625 0.040625 0.06484375
2 0.2828125 0.5109375 0.05078125 0.0515625
3 0.08515625 0.52109375 0.10625 0.153125
6 0.053125 0.52734375 0.0671875 0.19765625
4 0.04921875 0.56953125 0.0828125 0.17265625
2 0.815625 0.60234375 0.365625 0.4390625