1 0.09375 0.425 0.1875 0.21875
1 0.40859375 0.459375 0.0171875 0.0328125
1 0.44765625 0.465625 0.0140625 0.03515625
6 0.2796875 0.4671875 0.01171875 0.04453125
3 0.29921875 0.46953125 0.0265625 0.04765625
3 0.35546875 0.47109375 0.0234375 0.03984375
2 0.47109375 0.471875 0.009375 0.01640625
2 0.3390625 0.47578125 0.040625 0.040625
3 0.21875 0.48515625 0.05078125 0.08359375
2 0.553125 0.49453125 0.021875 0.03125
2 0.4875 0.4984375 0.03828125 0.053125
2 0.51328125 0.503125 0.0546875 0.09609375
2 0.43125 0.5140625 0.0703125 0.1