1 0.94375 0.434375 0.109375 0.290625
6 0.7484375 0.4625 0.01015625 0.04296875
6 0.77578125 0.471875 0.01484375 0.05546875
3 0.71015625 0.478125 0.03046875 0.053125
3 0.83828125 0.47890625 0.06875 0.109375
3 0.63359375 0.48125 0.0234375 0.04765625
2 0.65078125 0.48671875 0.04296875 0.0515625
2 0.55625 0.490625 0.0375 0.05546875
2 0.50390625 0.50234375 0.04140625 0.0578125
2 0.48515625 0.503125 0.05859375 0.09921875
2 0.58203125 0.51484375 0.07421875 0.103125
2 0.371875 0.51640625 0.04609375 0.053125