2 0.54921875 0.50390625 0.0140625 0.02578125
2 0.53046875 0.5046875 0.0109375 0.02421875
0 0.59296875 0.50703125 0.0078125 0.0328125
2 0.553125 0.5078125 0.01796875 0.02578125
2 0.50625 0.5125 0.03671875 0.065625
6 0.92890625 0.5296875 0.02734375 0.11796875
6 0.7609375 0.5328125 0.0359375 0.165625
6 0.96015625 0.53359375 0.0234375 0.10625
6 0.82109375 0.5375 0.04140625 0.18359375
6 0.86015625 0.55703125 0.0828125 0.2671875
2 0.34453125 0.5875 0.30546875 0.37265625
4 0.85625 0.59921875 0.1125 0.22109375