1 0.32734375 0.49296875 0.06875 0.09921875
6 0.165625 0.4953125 0.01796875 0.0609375
6 0.26796875 0.5125 0.0109375 0.0578125
0 0.35 0.51484375 0.01171875 0.0484375
3 0.31953125 0.515625 0.03515625 0.0640625
4 0.25078125 0.515625 0.02265625 0.04921875
2 0.4953125 0.51640625 0.0125 0.01953125
2 0.46953125 0.52109375 0.0296875 0.04140625
2 0.5125 0.525 0.03359375 0.04921875
2 0.56015625 0.53515625 0.0859375 0.14375
2 0.428125 0.5359375 0.07890625 0.1046875
6 0.928125 0.5875 0.02890625 0.1296875
2 0.0890625 0.590625 0.17734375 0.34296875