6 0.25234375 0.50703125 0.02109375 0.08046875
6 0.29296875 0.51796875 0.028125 0.08125
6 0.315625 0.51953125 0.01328125 0.065625
6 0.340625 0.521875 0.01484375 0.07109375
7 0.22890625 0.521875 0.071875 0.12421875
6 0.33125 0.52734375 0.0171875 0.075
6 0.446875 0.528125 0.01796875 0.09453125
6 0.49609375 0.534375 0.01484375 0.10078125
6 0.5109375 0.5390625 0.01953125 0.096875
2 0.125 0.54140625 0.24921875 0.49453125
3 0.3953125 0.54140625 0.08828125 0.1515625
6 0.45546875 0.54609375 0.02578125 0.12890625
6 0.47890625 0.546875 0.02578125 0.1359375
5 0.7859375 0.6296875 0.16015625 0.13125
6 0.634375 0.74921875 0.11796875 0.3390625