6 0.09453125 0.475 0.0359375 0.14453125
6 0.159375 0.4765625 0.01640625 0.09609375
6 0.0140625 0.47734375 0.028125 0.1515625
6 0.2828125 0.4875 0.0140625 0.06171875
6 0.3078125 0.49609375 0.01640625 0.075
6 0.25234375 0.49609375 0.01796875 0.090625
6 0.10703125 0.4984375 0.03984375 0.18125
2 0.37578125 0.50078125 0.0703125 0.10703125
6 0.14140625 0.50390625 0.03125 0.1734375
7 0.47109375 0.5140625 0.01796875 0.053125
2 0.50703125 0.52578125 0.05390625 0.09140625
6 0.36953125 0.52734375 0.01953125 0.14140625
7 0.43203125 0.53125 0.05859375 0.15859375
5 0.334375 0.53671875 0.05390625 0.10625
6 0.84765625 0.54609375 0.01015625 0.07890625
2 0.609375 0.55078125 0.18046875 0.29296875
6 0.91640625 0.55234375 0.01640625 0.084375
2 0.703125 0.553125 0.08515625 0.11640625
6 0.2625 0.553125 0.0328125 0.1203125
6 0.87890625 0.559375 0.03046875 0.09609375
6 0.903125 0.5609375 0.01796875 0.1046875
6 0.82734375 0.5609375 0.01328125 0.0703125
6 0.8109375 0.56171875 0.01484375 0.10703125
6 0.8390625 0.5625 0.01640625 0.08828125
7 0.8671875 0.571875 0.05625 0.1296875
6 0.96484375 0.5734375 0.02734375 0.11875
5 0.81484375 0.58203125 0.04921875 0.06328125
6 0.021875 0.5953125 0.04375 0.41875
5 0.06953125 0.61015625 0.13828125 0.22578125
5 0.1265625 0.6140625 0.22890625 0.221875
5 0.05078125 0.61875 0.1015625 0.215625