1 0.1421875 0.54375 0.0421875 0.06171875
1 0.19140625 0.54609375 0.0578125 0.096875
6 0.00546875 0.54765625 0.0078125 0.0578125
2 0.0421875 0.5515625 0.0765625 0.05078125
2 0.09375 0.5609375 0.0328125 0.0625
4 0.140625 0.5640625 0.01171875 0.03984375
7 0.23671875 0.565625 0.0171875 0.03984375
6 0.7609375 0.56640625 0.05234375 0.16953125
4 0.1546875 0.5703125 0.0171875 0.059375
6 0.72578125 0.58203125 0.0375 0.16640625
2 0.059375 0.59765625 0.08359375 0.1109375
7 0.75703125 0.62265625 0.146875 0.225
2 0.84140625 0.71484375 0.3140625 0.4859375
2 0.45 0.734375 0.4453125 0.51171875