6 0.29609375 0.49765625 0.01875 0.053125
2 0.4390625 0.4984375 0.01328125 0.02421875
4 0.3109375 0.50625 0.01171875 0.05234375
2 0.44140625 0.50859375 0.0171875 0.01640625
3 0.4234375 0.51171875 0.0203125 0.04375
4 0.45078125 0.5140625 0.01015625 0.0421875
4 0.29453125 0.52109375 0.021875 0.09140625
3 0.225 0.53046875 0.0921875 0.15703125
2 0.3625 0.53515625 0.0984375 0.15546875
1 0.8390625 0.53984375 0.159375 0.1421875
2 0.58671875 0.5546875 0.23046875 0.353125
4 0.084375 0.57109375 0.06484375 0.1203125