1 0.89140625 0.71484375 0.128125 0.33359375
6 0.946875 0.78828125 0.0203125 0.1109375
2 0.68359375 0.79140625 0.034375 0.04609375
6 0.4 0.79453125 0.01796875 0.090625
7 0.51640625 0.79609375 0.028125 0.06875
7 0.57265625 0.7984375 0.02265625 0.05546875
3 0.66484375 0.79921875 0.03046875 0.04296875
2 0.6328125 0.80390625 0.0453125 0.04296875
2 0.803125 0.80859375 0.0578125 0.08671875
6 0.9625 0.809375 0.01640625 0.08125
7 0.43046875 0.8109375 0.05234375 0.10703125
7 0.26015625 0.8515625 0.196875 0.29609375
2 0.765625 0.85390625 0.12734375 0.18984375
6 0.26875 0.86796875 0.06015625 0.246875