6 0.184375 0.49140625 0.0265625 0.1359375
6 0.24921875 0.49609375 0.01796875 0.1
6 0.3296875 0.5140625 0.03046875 0.1125
6 0.48125 0.51484375 0.01328125 0.046875
2 0.60625 0.5171875 0.02265625 0.0359375
2 0.5625 0.52265625 0.03125 0.03515625
6 0.45546875 0.525 0.0296875 0.0953125
3 0.7796875 0.53046875 0.01875 0.040625
4 0.765625 0.53046875 0.00859375 0.03359375
6 0.5890625 0.5328125 0.0421875 0.1234375
0 0.33203125 0.54140625 0.05703125 0.08828125
6 0.02890625 0.54921875 0.0578125 0.37578125
0 0.5890625 0.5625 0.08046875 0.08984375
6 0.09765625 0.56328125 0.096875 0.44453125
6 0.51953125 0.5828125 0.10546875 0.38828125
4 0.3890625 0.60390625 0.11328125 0.47578125
2 0.88359375 0.60859375 0.2296875 0.6390625