1 0.49140625 0.79765625 0.271875 0.17421875
3 0.92265625 0.79921875 0.0109375 0.02265625
3 0.909375 0.8015625 0.01328125 0.02734375
2 0.89921875 0.809375 0.02109375 0.03359375
6 0.9671875 0.809375 0.009375 0.04375
6 0.98984375 0.81328125 0.015625 0.05390625
0 0.96796875 0.81796875 0.0125 0.0328125
0 0.990625 0.8265625 0.01640625 0.04140625
2 0.84296875 0.8265625 0.1078125 0.15546875
6 0.24453125 0.8484375 0.02578125 0.1125
6 0.2640625 0.84921875 0.0234375 0.109375
2 0.3421875 0.84921875 0.08125 0.05859375
1 0.028125 0.85625 0.05546875 0.14140625
2 0.665625 0.8765625 0.2875 0.24375
2 0.1234375 0.884375 0.065625 0.0765625
4 0.17890625 0.8859375 0.0921875 0.0890625