3 0.48203125 0.48203125 0.021875 0.04609375
7 0.44609375 0.48671875 0.040625 0.11484375
3 0.51015625 0.48828125 0.02890625 0.06171875
7 0.40703125 0.49140625 0.05703125 0.159375
5 0.3796875 0.49453125 0.04375 0.05859375
7 0.79609375 0.5390625 0.0453125 0.115625
3 0.76484375 0.540625 0.075 0.140625
2 0.653125 0.5453125 0.18984375 0.2546875
5 0.18203125 0.5609375 0.21171875 0.31953125
3 0.8625 0.56328125 0.07578125 0.11015625
3 0.88046875 0.5640625 0.09609375 0.13671875
7 0.94296875 0.57890625 0.08515625 0.159375