6 0.0296875 0.4859375 0.01640625 0.0796875
6 0.68828125 0.4859375 0.0109375 0.0546875
6 0.6375 0.48828125 0.00859375 0.0375
2 0.5453125 0.490625 0.01796875 0.034375
6 0.628125 0.490625 0.01015625 0.03671875
2 0.52890625 0.49609375 0.01484375 0.0265625
0 0.61015625 0.49921875 0.0125 0.0546875
6 0.0140625 0.50234375 0.02265625 0.09140625
2 0.89765625 0.50390625 0.20390625 0.17578125
2 0.546875 0.5046875 0.03203125 0.04609375
2 0.43046875 0.51328125 0.07734375 0.12265625
2 0.25 0.51640625 0.090625 0.0796875
0 0.01796875 0.52734375 0.0328125 0.0640625
2 0.85390625 0.5375 0.2890625 0.171875