2 0.6953125 0.51171875 0.13984375 0.19375
2 0.54140625 0.5125 0.053125 0.09921875
2 0.796875 0.515625 0.23828125 0.26953125
5 0.57734375 0.5171875 0.10859375 0.11171875
2 0.48984375 0.5171875 0.0421875 0.0640625
6 0.46640625 0.52109375 0.01484375 0.084375
6 0.44765625 0.52421875 0.015625 0.07421875
2 0.34921875 0.53125 0.08203125 0.15859375
6 0.52109375 0.5328125 0.0375 0.21796875
6 0.5953125 0.53828125 0.05234375 0.20625
6 0.2578125 0.5390625 0.02109375 0.10625
6 0.40546875 0.54921875 0.0640625 0.33515625
5 0.896875 0.55234375 0.203125 0.3265625
6 0.2109375 0.55546875 0.02890625 0.09140625
0 0.40859375 0.6828125 0.05703125 0.2140625