1 0.30703125 0.490625 0.17265625 0.12734375
2 0.6734375 0.5 0.03125 0.06328125
6 0.7765625 0.50546875 0.01640625 0.05703125
7 0.74140625 0.50546875 0.025 0.0671875
2 0.59375 0.50703125 0.04375 0.05234375
6 0.23359375 0.5109375 0.0203125 0.10546875
3 0.5109375 0.51328125 0.04609375 0.10078125
2 0.4296875 0.5203125 0.171875 0.19296875
4 0.775 0.521875 0.04765625 0.04921875
2 0.19375 0.5296875 0.13125 0.10390625
4 0.57109375 0.53515625 0.05390625 0.18359375
2 0.87109375 0.54296875 0.17578125 0.18671875
2 0.1109375 0.63125 0.21875 0.55625