2 0.89453125 0.82421875 0.0734375 0.103125
6 0.86796875 0.83046875 0.06328125 0.1703125
3 0.9546875 0.83359375 0.05703125 0.08671875
6 0.8125 0.8390625 0.03203125 0.10625
6 0.82421875 0.840625 0.01796875 0.11015625
4 0.6328125 0.84296875 0.03515625 0.046875
6 0.84609375 0.84375 0.05625 0.18515625
2 0.5765625 0.84375 0.109375 0.140625
6 0.2375 0.84375 0.03046875 0.134375
3 0.75390625 0.846875 0.09765625 0.175
6 0.04140625 0.85078125 0.0359375 0.18671875
7 0.071875 0.859375 0.14296875 0.203125
2 0.38359375 0.86953125 0.2953125 0.2578125
4 0.8578125 0.890625 0.08359375 0.14296875