6 0.2625 0.45703125 0.040625 0.11640625
6 0.2484375 0.4640625 0.04921875 0.14140625
6 0.30546875 0.46875 0.040625 0.13046875
6 0.19296875 0.48125 0.02109375 0.10703125
2 0.28828125 0.4890625 0.17109375 0.2890625
6 0.10078125 0.49453125 0.03359375 0.14609375
6 0.13359375 0.49609375 0.025 0.07109375
2 0.41171875 0.49765625 0.02578125 0.05078125
5 0.384375 0.5 0.01953125 0.05
5 0.38671875 0.50078125 0.0203125 0.05078125
6 0.596875 0.50078125 0.028125 0.14296875
6 0.36875 0.5078125 0.01640625 0.10078125
7 0.440625 0.50859375 0.03203125 0.09296875
6 0.63203125 0.52109375 0.00625 0.053125
6 0.6390625 0.5234375 0.00703125 0.059375
2 0.51484375 0.53984375 0.15859375 0.2984375
6 0.68046875 0.54296875 0.059375 0.10390625
6 0.75 0.55546875 0.05390625 0.1
7 0.79609375 0.55859375 0.059375 0.1296875
6 0.96640625 0.56953125 0.02265625 0.1046875
5 0.1 0.57109375 0.13046875 0.15703125
5 0.0421875 0.5734375 0.08359375 0.16171875
6 0.890625 0.57734375 0.01484375 0.08984375
6 0.828125 0.57890625 0.0203125 0.10546875
6 0.89375 0.57890625 0.02109375 0.09921875
6 0.878125 0.58125 0.03359375 0.1203125
6 0.921875 0.5890625 0.03359375 0.13359375
6 0.9875 0.61953125 0.02421875 0.18984375