6 0.6375 0.503125 0.009375 0.04296875
6 0.62734375 0.50390625 0.0078125 0.0375
6 0.6109375 0.50625 0.00625 0.0375
6 0.2046875 0.50859375 0.01171875 0.078125
5 0.59453125 0.50859375 0.01640625 0.0421875
6 0.71171875 0.509375 0.01796875 0.09609375
6 0.22890625 0.51015625 0.01171875 0.07890625
6 0.703125 0.5109375 0.01015625 0.0828125
3 0.565625 0.5109375 0.021875 0.03984375
4 0.73984375 0.51875 0.025 0.07265625
2 0.5140625 0.5265625 0.09609375 0.16171875
6 0.5125 0.55078125 0.09375 0.26484375
4 0.5171875 0.62890625 0.103125 0.27578125