6 0.93203125 0.79921875 0.0109375 0.0515625
2 0.82265625 0.80078125 0.01640625 0.03359375
2 0.87734375 0.8015625 0.03203125 0.059375
6 0.85703125 0.80390625 0.00859375 0.0359375
3 0.83046875 0.80703125 0.01953125 0.04375
4 0.85703125 0.81171875 0.01328125 0.03203125
6 0.84765625 0.81328125 0.021875 0.06640625
6 0.97890625 0.8265625 0.0390625 0.184375
2 0.1171875 0.8265625 0.09765625 0.09296875
6 0.1625 0.8328125 0.0234375 0.07890625
4 0.1578125 0.84140625 0.04296875 0.065625
7 0.03671875 0.84140625 0.0703125 0.1171875
3 0.25859375 0.84296875 0.0875 0.13125
6 0.03046875 0.84375 0.0375 0.103125
2 0.7125 0.87421875 0.1640625 0.240625
0 0.9765625 0.88125 0.04375 0.153125