1 0.98046875 0.6859375 0.0390625 0.625
1 0.0515625 0.690625 0.1 0.615625
1 0.73828125 0.7875 0.075 0.109375
3 0.94453125 0.790625 0.01640625 0.0296875
3 0.93359375 0.7984375 0.025 0.05078125
2 0.8046875 0.8078125 0.0359375 0.05078125
2 0.69296875 0.8203125 0.08046875 0.109375
2 0.609375 0.84375 0.10703125 0.1296875
2 0.87109375 0.8546875 0.1328125 0.19765625
6 0.37578125 0.865625 0.04140625 0.16328125
2 0.47265625 0.875 0.2015625 0.20078125
6 0.31171875 0.875 0.05703125 0.21328125
4 0.37578125 0.8859375 0.06171875 0.1265625
4 0.3109375 0.90859375 0.09765625 0.17265625