2 0.5328125 0.5015625 0.0140625 0.02421875
2 0.51640625 0.5015625 0.0109375 0.02578125
0 0.56953125 0.50625 0.00625 0.0328125
6 0.9453125 0.50625 0.059375 0.22890625
2 0.5359375 0.50859375 0.01875 0.028125
6 0.62265625 0.5125 0.01953125 0.0609375
2 0.484375 0.51484375 0.040625 0.06796875
6 0.67421875 0.5171875 0.0171875 0.08046875
6 0.65546875 0.51796875 0.0171875 0.08203125
6 0.6984375 0.5265625 0.025 0.10390625
4 0.62109375 0.52890625 0.0234375 0.0640625
6 0.81875 0.5453125 0.08359375 0.359375
0 0.821875 0.63984375 0.09453125 0.2625
2 0.16484375 0.65234375 0.3265625 0.6921875