3 0.06640625 0.65078125 0.01640625 0.03203125
6 0.17734375 0.6515625 0.01640625 0.0359375
6 0.0109375 0.65234375 0.01875 0.0640625
2 0.11171875 0.653125 0.01796875 0.03515625
3 0.05 0.65546875 0.01875 0.04140625
2 0.02109375 0.65625 0.02734375 0.04921875
3 0.1328125 0.66953125 0.04765625 0.0875
0 0.1765625 0.67734375 0.02265625 0.04296875
4 0.0109375 0.71015625 0.01875 0.0703125
6 0.68359375 0.74453125 0.11875 0.346875
2 0.31328125 0.75078125 0.27890625 0.36953125
4 0.70390625 0.83359375 0.1921875 0.3296875