1 0.659375 0.78125 0.38515625 0.25859375
2 0.18359375 0.79375 0.015625 0.01640625
6 0.040625 0.79921875 0.01328125 0.04609375
2 0.15546875 0.80078125 0.028125 0.0453125
6 0.02265625 0.803125 0.01640625 0.06015625
1 0.44140625 0.8046875 0.12109375 0.08125
2 0.11484375 0.80703125 0.0703125 0.1203125
0 0.04140625 0.80859375 0.01328125 0.0359375
0 0.02265625 0.81796875 0.0171875 0.04921875
2 0.32109375 0.859375 0.3015625 0.278125
6 0.8953125 0.86796875 0.02734375 0.08203125
2 0.896875 0.8859375 0.0515625 0.059375
2 0.98515625 0.88671875 0.02890625 0.13359375