6 0.05234375 0.48359375 0.04140625 0.14609375
2 0.34609375 0.496875 0.07734375 0.0890625
6 0.2578125 0.4984375 0.02890625 0.140625
2 0.26015625 0.50078125 0.09453125 0.121875
2 0.43125 0.5015625 0.05625 0.06875
6 0.35 0.50390625 0.0296875 0.13046875
5 0.46484375 0.509375 0.02734375 0.05
6 0.45859375 0.5109375 0.01953125 0.09609375
2 0.60390625 0.51171875 0.01953125 0.040625
7 0.33125 0.5140625 0.06328125 0.18203125
7 0.56796875 0.515625 0.01953125 0.0546875
6 0.5921875 0.515625 0.0078125 0.03828125
6 0.596875 0.515625 0.00703125 0.034375
7 0.2296875 0.521875 0.08984375 0.19140625
0 0.30078125 0.5265625 0.0546875 0.071875
0 0.45625 0.54140625 0.0171875 0.05703125