1 0.11015625 0.60234375 0.034375 0.06015625
1 0.2625 0.60625 0.10390625 0.14609375
1 0.1703125 0.60859375 0.05 0.08203125
2 0.0375 0.6140625 0.03203125 0.0453125
3 0.140625 0.6171875 0.01953125 0.03515625
2 0.0109375 0.628125 0.01875 0.090625
6 0.165625 0.63046875 0.0234375 0.08203125
6 0.36171875 0.63203125 0.0109375 0.0515625
6 0.37265625 0.6328125 0.01015625 0.0546875
6 0.40546875 0.6390625 0.0125 0.07109375
6 0.4171875 0.640625 0.0109375 0.05859375
4 0.16328125 0.64140625 0.02578125 0.0640625
6 0.49140625 0.646875 0.01328125 0.0796875
6 0.54296875 0.65078125 0.01484375 0.078125
6 0.5125 0.65234375 0.01953125 0.0796875
6 0.53125 0.65546875 0.01953125 0.075
6 0.6078125 0.6578125 0.034375 0.1046875
6 0.6515625 0.68515625 0.04296875 0.14375
5 0.83828125 0.72421875 0.15078125 0.11015625