6 0.0359375 0.4859375 0.01875 0.0609375
6 0.46015625 0.49375 0.13671875 0.3796875
6 0.15625 0.51015625 0.0515625 0.209375
0 0.034375 0.5125 0.02109375 0.03828125
2 0.65859375 0.5328125 0.05390625 0.09375
2 0.7046875 0.546875 0.07890625 0.13984375
6 0.29609375 0.546875 0.2015625 0.58125
2 0.87890625 0.56171875 0.0921875 0.08359375
6 0.90078125 0.5625 0.02734375 0.125
6 0.7546875 0.5671875 0.03984375 0.125
6 0.93125 0.56796875 0.040625 0.1140625
6 0.18984375 0.61328125 0.21640625 0.590625
7 0.396875 0.6171875 0.4265625 0.5359375
4 0.2171875 0.70625 0.434375 0.584375