5 0.8046875 0.47265625 0.1296875 0.2359375
3 0.55703125 0.50078125 0.02109375 0.04609375
5 0.66171875 0.51015625 0.05859375 0.1296875
3 0.8484375 0.51875 0.13203125 0.209375
3 0.60703125 0.51875 0.0734375 0.146875
2 0.51015625 0.51875 0.078125 0.1203125
6 0.36796875 0.528125 0.01171875 0.06875
7 0.7125 0.52890625 0.1078125 0.278125
6 0.30546875 0.54140625 0.0359375 0.10234375
6 0.2703125 0.5421875 0.01953125 0.08671875
0 0.36875 0.5421875 0.02421875 0.0515625
6 0.96328125 0.54765625 0.0703125 0.3921875
5 0.29140625 0.55703125 0.0609375 0.078125
7 0.20234375 0.5578125 0.06640625 0.13671875
4 0.3078125 0.56171875 0.04296875 0.08671875