6 0.03671875 0.478125 0.0734375 0.27734375
6 0.653125 0.53046875 0.01171875 0.07421875
6 0.75390625 0.53671875 0.00703125 0.0390625
6 0.66953125 0.54140625 0.01328125 0.08359375
2 0.28671875 0.5453125 0.5734375 0.74375
3 0.953125 0.565625 0.01640625 0.0296875
4 0.9453125 0.56796875 0.0109375 0.03671875
4 0.971875 0.56953125 0.00546875 0.03828125
2 0.875 0.5703125 0.10390625 0.140625
3 0.984375 0.57109375 0.01953125 0.04296875
6 0.73828125 0.571875 0.02890625 0.14453125
4 0.0703125 0.59609375 0.13984375 0.284375
0 0.74140625 0.603125 0.11015625 0.08984375