1 0.96796875 0.43359375 0.0609375 0.2609375
6 0.421875 0.490625 0.03984375 0.15625
6 0.8609375 0.50234375 0.01875 0.096875
6 0.903125 0.503125 0.0265625 0.11171875
6 0.5640625 0.51796875 0.13515625 0.63203125
2 0.36328125 0.52734375 0.03671875 0.05078125
7 0.45859375 0.5296875 0.096875 0.25
6 0.31171875 0.5296875 0.01875 0.071875
6 0.38671875 0.53125 0.0375 0.13984375
2 0.32109375 0.53125 0.04921875 0.06328125
7 0.23828125 0.546875 0.08125 0.2109375
6 0.071875 0.546875 0.0359375 0.128125
6 0.1609375 0.54765625 0.0296875 0.14140625
7 0.70078125 0.546875 0.4484375 0.903125
7 0.0875 0.55234375 0.11015625 0.15078125
7 0.01875 0.56328125 0.034375 0.0953125
0 0.1625 0.58203125 0.04375 0.109375