1 0.23671875 0.55703125 0.11328125 0.15859375
1 0.08203125 0.5734375 0.0359375 0.07265625
1 0.128125 0.57421875 0.0375 0.05859375
2 0.0296875 0.58515625 0.0234375 0.03828125
2 0.0703125 0.58671875 0.03671875 0.0625
2 0.0453125 0.58828125 0.01875 0.0265625
3 0.01484375 0.5890625 0.0265625 0.0515625
6 0.146875 0.590625 0.0171875 0.071875
0 0.14609375 0.60546875 0.01875 0.0546875
2 0.2015625 0.61171875 0.08515625 0.0890625
2 0.77890625 0.715625 0.4390625 0.56875
2 0.33046875 0.71875 0.33671875 0.42890625