4 0.01875 0.58984375 0.01015625 0.03359375
6 0.3921875 0.61640625 0.00859375 0.05703125
6 0.4109375 0.61796875 0.009375 0.05546875
6 0.31953125 0.628125 0.01015625 0.0625
3 0.28828125 0.63046875 0.04609375 0.0734375
6 0.35078125 0.63125 0.01328125 0.06484375
0 0.3203125 0.6453125 0.015625 0.046875
5 0.48671875 0.65234375 0.03671875 0.06015625
0 0.35 0.65234375 0.01640625 0.04296875
5 0.52578125 0.65625 0.05078125 0.0578125
2 0.14375 0.678125 0.196875 0.22890625
5 0.6546875 0.6796875 0.09609375 0.08515625
6 0.8296875 0.68359375 0.03515625 0.134375
5 0.75625 0.70859375 0.11328125 0.09765625
5 0.8796875 0.7265625 0.13984375 0.096875