1 0.75078125 0.784375 0.2625 0.215625
2 0.13125 0.8 0.01640625 0.02578125
2 0.1453125 0.80078125 0.01484375 0.0296875
7 0.08671875 0.80390625 0.01484375 0.03515625
6 0.40703125 0.80390625 0.009375 0.04296875
2 0.16328125 0.80546875 0.01484375 0.021875
2 0.309375 0.809375 0.0359375 0.03515625
6 0.0640625 0.81171875 0.02421875 0.0765625
6 0.04921875 0.8171875 0.025 0.1046875
5 0.6125 0.82109375 0.05234375 0.10390625
2 0.22734375 0.82734375 0.0703125 0.10859375
6 0.04296875 0.828125 0.02421875 0.10625
0 0.06484375 0.834375 0.025 0.06015625
0 0.0484375 0.853125 0.03203125 0.084375
2 0.2078125 0.85546875 0.1109375 0.16796875