2 0.93203125 0.48359375 0.08046875 0.078125
2 0.834375 0.48828125 0.11015625 0.0796875
6 0.97421875 0.48828125 0.0453125 0.21953125
6 0.890625 0.49765625 0.04453125 0.3171875
3 0.63984375 0.51328125 0.028125 0.0703125
5 0.70859375 0.53515625 0.084375 0.20234375
2 0.353125 0.5578125 0.05390625 0.08046875
2 0.55078125 0.56640625 0.18671875 0.28671875
2 0.309375 0.5703125 0.0671875 0.09765625
2 0.4203125 0.57265625 0.0953125 0.1484375
2 0.15234375 0.5921875 0.3015625 0.8125
4 0.96796875 0.6609375 0.0609375 0.390625