6 0.98359375 0.47578125 0.03203125 0.14453125
6 0.95546875 0.48671875 0.02109375 0.11328125
6 0.93046875 0.49140625 0.021875 0.10703125
6 0.915625 0.49296875 0.01796875 0.09609375
7 0.684375 0.496875 0.0171875 0.04375
7 0.6703125 0.49765625 0.01953125 0.04921875
7 0.72265625 0.4984375 0.034375 0.09296875
6 0.62734375 0.4984375 0.00625 0.034375
6 0.621875 0.4984375 0.00859375 0.02890625
6 0.53828125 0.49921875 0.009375 0.04296875
7 0.653125 0.49921875 0.0171875 0.046875
6 0.63671875 0.5 0.01015625 0.04296875
2 0.6046875 0.5015625 0.01953125 0.028125
6 0.88671875 0.5046875 0.021875 0.13359375
6 0.5859375 0.5046875 0.01015625 0.0515625
6 0.57734375 0.50703125 0.01171875 0.0484375
3 0.7375 0.50859375 0.0578125 0.11171875
3 0.8453125 0.5109375 0.08359375 0.1453125
6 0.46171875 0.5125 0.0125 0.0765625
6 0.50859375 0.515625 0.01015625 0.075
6 0.49296875 0.51640625 0.02109375 0.05625
6 0.41328125 0.55546875 0.04140625 0.22421875
6 0.78125 0.5703125 0.09453125 0.4390625
5 0.203125 0.5890625 0.12109375 0.32421875