1 0.50234375 0.48984375 0.05625 0.090625
2 0.2984375 0.49296875 0.0453125 0.075
7 0.35390625 0.5015625 0.02890625 0.0765625
2 0.56484375 0.50390625 0.05390625 0.084375
3 0.396875 0.50625 0.0390625 0.08203125
7 0.4375 0.50625 0.04453125 0.121875
6 0.67578125 0.51953125 0.02109375 0.090625
6 0.6671875 0.52734375 0.0375 0.096875
5 0.72421875 0.52890625 0.0625 0.09609375
6 0.9328125 0.55546875 0.03515625 0.11796875
7 0.9171875 0.55703125 0.08359375 0.16796875
6 0.95859375 0.56796875 0.03203125 0.14609375
2 0.82578125 0.58515625 0.24609375 0.21640625