2 0.10546875 0.82421875 0.0734375 0.103125
6 0.13203125 0.83046875 0.06328125 0.1703125
3 0.0453125 0.83359375 0.05703125 0.08671875
6 0.1875 0.8390625 0.03203125 0.10625
6 0.17578125 0.840625 0.01796875 0.11015625
4 0.3671875 0.84296875 0.03515625 0.046875
6 0.15390625 0.84375 0.05625 0.18515625
2 0.4234375 0.84375 0.109375 0.140625
6 0.7625 0.84375 0.03046875 0.134375
3 0.24609375 0.846875 0.09765625 0.175
6 0.95859375 0.85078125 0.0359375 0.18671875
7 0.928125 0.859375 0.14296875 0.203125
2 0.61640625 0.86953125 0.2953125 0.2578125
4 0.1421875 0.890625 0.08359375 0.14296875