5 0.1953125 0.47265625 0.1296875 0.2359375
3 0.44296875 0.50078125 0.02109375 0.04609375
5 0.33828125 0.51015625 0.05859375 0.1296875
3 0.1515625 0.51875 0.13203125 0.209375
3 0.39296875 0.51875 0.0734375 0.146875
2 0.48984375 0.51875 0.078125 0.1203125
6 0.63203125 0.528125 0.01171875 0.06875
7 0.2875 0.52890625 0.1078125 0.278125
6 0.69453125 0.54140625 0.0359375 0.10234375
6 0.7296875 0.5421875 0.01953125 0.08671875
0 0.63125 0.5421875 0.02421875 0.0515625
6 0.0359375 0.546875 0.071875 0.390625
5 0.70859375 0.55703125 0.0609375 0.078125
7 0.79765625 0.5578125 0.06640625 0.13671875
4 0.6921875 0.56171875 0.04296875 0.08671875